0 1
0 2
0 3
0 4
0 5
0 6
0 7
0 8
0 9
0 10
0 11
0 12
0 13
0 14
0 15
0 16
0 17
0 18
0 19
0 20
0 21
0 22
0 23
0 24
0 25
0 26
0 27
0 28
0 29
0 30
0 31
0 32
0 33
0 34
0 35
0 36
0 37
0 38
0 39
0 40
0 41
0 42
0 43
0 44
0 45
0 46
0 47
0 48
0 49
0 50
0 51
0 53
0 54
0 55
0 56
0 57
0 58
0 59
0 60
0 61
0 62
0 63
0 64
0 65
0 66
0 67
0 136
0 137
0 138
0 139
0 141
0 142
0 144
0 146
0 147
0 148
0 150
0 154
0 155
0 156
0 157
0 158
0 159
0 160
0 164
0 166
0 168
0 170
0 172
0 174
0 177
0 179
0 182
0 184
0 188
0 190
0 192
0 195
0 197
0 198
0 201
1 2
1 3
1 4
1 5
1 6
1 7
1 8
1 9
1 10
1 11
1 12
1 13
1 14
1 15
1 16
1 17
1 18
1 19
1 20
1 21
1 22
1 23
1 24
1 25
1 26
1 27
1 28
1 29
1 30
1 31
1 32
1 33
1 34
1 35
1 36
1 37
1 38
1 39
1 40
1 41
1 42
1 43
1 44
1 45
1 46
1 47
1 48
1 49
1 50
1 51
1 52
1 53
1 54
1 55
1 56
1 57
1 58
1 59
1 60
1 61
1 62
1 63
1 64
1 65
1 66
1 67
1 136
1 137
1 138
1 139
1 140
1 141
1 142
1 143
1 144
1 145
1 146
1 147
1 148
1 150
1 151
1 152
1 154
1 155
1 156
1 157
1 158
1 159
1 160
1 161
1 162
1 163
1 164
1 166
1 168
1 170
1 171
1 172
1 174
1 177
1 178
1 179
1 180
1 182
1 184
1 185
1 186
1 188
1 190
1 191
1 192
1 195
1 197
1 198
1 200
1 201
1 203
2 3
2 4
2 5
2 6
2 7
2 8
2 9
2 10
2 11
2 12
2 13
2 14
2 15
2 16
2 17
2 18
2 20
2 21
2 22
2 23
2 24
2 25
2 26
2 28
2 29
2 30
2 31
2 32
2 33
2 34
2 35
2 36
2 37
2 38
2 39
2 40
2 41
2 42
2 43
2 44
2 45
2 46
2 47
2 48
2 49
2 50
2 51
2 52
2 53
2 54
2 55
2 56
2 57
2 58
2 59
2 60
2 61
2 62
2 63
2 64
2 65
2 66
2 67
2 68
2 70
2 73
2 74
2 76
2 82
2 84
2 86
2 96
2 99
2 100
2 104
2 106
2 107
2 108
2 110
2 114
2 118
2 120
2 124
2 126
2 128
2 136
2 137
2 138
2 139
2 140
2 141
2 142
2 143
2 144
2 145
2 146
2 147
2 148
2 149
2 150
2 151
2 152
2 154
2 155
2 156
2 157
2 158
2 159
2 160
2 161
2 162
2 163
2 164
2 165
2 166
2 167
2 168
2 169
2 170
2 171
2 172
2 174
2 175
2 176
2 177
2 178
2 179
2 180
2 181
2 182
2 184
2 185
2 186
2 187
2 188
2 189
2 190
2 191
2 192
2 193
2 194
2 195
2 196
2 197
2 198
2 200
2 201
2 202
2 203
3 4
3 5
3 6
3 7
3 8
3 9
3 10
3 11
3 12
3 13
3 14
3 15
3 16
3 17
3 18
3 20
3 21
3 22
3 23
3 24
3 25
3 26
3 28
3 29
3 30
3 31
3 32
3 33
3 34
3 35
3 36
3 37
3 38
3 39
3 40
3 41
3 42
3 43
3 44
3 45
3 46
3 47
3 48
3 49
3 50
3 51
3 52
3 53
3 54
3 55
3 56
3 57
3 58
3 59
3 60
3 61
3 62
3 63
3 64
3 65
3 66
3 67
3 76
3 84
3 99
3 100
3 106
3 108
3 124
3 126
3 128
3 136
3 137
3 138
3 139
3 140
3 141
3 142
3 143
3 144
3 145
3 146
3 147
3 148
3 149
3 150
3 151
3 152
3 154
3 155
3 156
3 157
3 158
3 159
3 160
3 161
3 162
3 163
3 164
3 166
3 168
3 169
3 170
3 171
3 172
3 174
3 177
3 178
3 179
3 180
3 181
3 182
3 184
3 185
3 186
3 187
3 188
3 189
3 190
3 191
3 192
3 193
3 194
3 195
3 197
3 198
3 200
3 201
3 203
4 5
4 6
4 7
4 8
4 9
4 10
4 11
4 12
4 13
4 14
4 15
4 16
4 17
4 18
4 19
4 20
4 21
4 22
4 23
4 24
4 25
4 26
4 27
4 28
4 29
4 30
4 31
4 32
4 33
4 34
4 35
4 36
4 37
4 38
4 39
4 40
4 41
4 42
4 43
4 44
4 45
4 46
4 47
4 48
4 49
4 50
4 51
4 52
4 53
4 54
4 55
4 56
4 57
4 58
4 59
4 60
4 61
4 62
4 63
4 64
4 65
4 66
4 67
4 136
4 137
4 138
4 139
4 140
4 141
4 142
4 143
4 144
4 145
4 146
4 147
4 148
4 149
4 150
4 151
4 152
4 154
4 155
4 156
4 157
4 158
4 159
4 160
4 161
4 162
4 163
4 164
4 166
4 167
4 168
4 169
4 170
4 171
4 172
4 174
4 177
4 178
4 179
4 180
4 181
4 182
4 184
4 185
4 186
4 187
4 188
4 189
4 190
4 191
4 192
4 193
4 194
4 195
4 197
4 198
4 200
4 201
4 203
5 6
5 7
5 8
5 9
5 10
5 11
5 12
5 13
5 14
5 15
5 16
5 17
5 18
5 19
5 20
5 21
5 22
5 23
5 24
5 25
5 26
5 27
5 28
5 29
5 30
5 31
5 32
5 33
5 34
5 35
5 36
5 37
5 38
5 39
5 40
5 41
5 42
5 43
5 44
5 45
5 46
5 47
5 48
5 49
5 50
5 51
5 53
5 54
5 55
5 56
5 57
5 58
5 59
5 60
5 61
5 62
5 63
5 64
5 65
5 66
5 67
5 136
5 137
5 138
5 139
5 141
5 142
5 144
5 146
5 147
5 148
5 150
5 154
5 155
5 156
5 157
5 158
5 159
5 160
5 164
5 166
5 168
5 170
5 172
5 174
5 177
5 179
5 182
5 184
5 188
5 190
5 192
5 195
5 197
5 198
5 201
6 7
6 8
6 9
6 10
6 11
6 12
6 13
6 14
6 15
6 16
6 17
6 18
6 20
6 21
6 22
6 23
6 24
6 25
6 26
6 28
6 29
6 30
6 31
6 32
6 33
6 34
6 35
6 36
6 37
6 38
6 39
6 40
6 41
6 42
6 43
6 44
6 45
6 46
6 47
6 48
6 49
6 50
6 51
6 52
6 53
6 54
6 55
6 56
6 57
6 58
6 59
6 60
6 61
6 62
6 63
6 64
6 65
6 66
6 67
6 68
6 70
6 73
6 74
6 76
6 82
6 84
6 86
6 96
6 99
6 100
6 106
6 107
6 108
6 110
6 114
6 118
6 120
6 124
6 126
6 128
6 136
6 137
6 138
6 139
6 140
6 141
6 142
6 143
6 144
6 145
6 146
6 147
6 148
6 149
6 150
6 151
6 152
6 154
6 155
6 156
6 157
6 158
6 159
6 160
6 161
6 162
6 163
6 164
6 165
6 166
6 167
6 168
6 169
6 170
6 171
6 172
6 174
6 175
6 176
6 177
6 178
6 179
6 180
6 181
6 182
6 184
6 185
6 186
6 187
6 188
6 189
6 190
6 191
6 192
6 193
6 194
6 195
6 196
6 197
6 198
6 200
6 201
6 203
7 8
7 9
7 10
7 11
7 12
7 13
7 14
7 15
7 16
7 17
7 18
7 20
7 21
7 22
7 23
7 24
7 25
7 26
7 28
7 29
7 30
7 31
7 32
7 33
7 34
7 35
7 36
7 37
7 38
7 39
7 40
7 41
7 42
7 43
7 44
7 45
7 46
7 47
7 48
7 49
7 50
7 51
7 52
7 53
7 54
7 55
7 56
7 57
7 58
7 59
7 60
7 61
7 62
7 63
7 64
7 65
7 66
7 67
7 99
7 100
7 106
7 108
7 124
7 126
7 136
7 137
7 138
7 139
7 141
7 143
7 144
7 145
7 146
7 147
7 148
7 150
7 151
7 152
7 154
7 155
7 156
7 157
7 158
7 159
7 160
7 161
7 162
7 163
7 164
7 166
7 168
7 170
7 171
7 172
7 174
7 177
7 178
7 179
7 180
7 181
7 182
7 184
7 185
7 186
7 188
7 190
7 191
7 192
7 193
7 194
7 195
7 197
7 198
7 200
7 201
7 203
8 9
8 10
8 11
8 12
8 13
8 14
8 15
8 16
8 17
8 18
8 19
8 20
8 21
8 22
8 23
8 24
8 25
8 26
8 27
8 28
8 29
8 30
8 31
8 32
8 33
8 34
8 35
8 36
8 37
8 38
8 39
8 40
8 41
8 42
8 43
8 44
8 45
8 46
8 47
8 48
8 49
8 50
8 51
8 52
8 53
8 54
8 55
8 56
8 57
8 58
8 59
8 60
8 61
8 62
8 63
8 64
8 65
8 66
8 67
8 100
8 136
8 137
8 138
8 139
8 140
8 141
8 142
8 143
8 144
8 145
8 146
8 147
8 148
8 149
8 150
8 151
8 152
8 153
8 154
8 155
8 156
8 157
8 158
8 159
8 160
8 161
8 162
8 163
8 164
8 165
8 166
8 167
8 168
8 169
8 170
8 171
8 172
8 174
8 177
8 178
8 179
8 180
8 181
8 182
8 184
8 185
8 186
8 187
8 188
8 189
8 190
8 191
8 192
8 193
8 194
8 195
8 197
8 198
8 200
8 201
8 203
9 10
9 11
9 12
9 13
9 14
9 15
9 16
9 17
9 18
9 19
9 20
9 21
9 22
9 23
9 24
9 25
9 26
9 27
9 28
9 29
9 30
9 31
9 32
9 33
9 34
9 35
9 36
9 37
9 38
9 39
9 40
9 41
9 42
9 43
9 44
9 45
9 46
9 47
9 48
9 49
9 50
9 51
9 52
9 53
9 54
9 55
9 56
9 57
9 58
9 59
9 60
9 61
9 62
9 63
9 64
9 65
9 66
9 67
9 136
9 137
9 138
9 139
9 140
9 141
9 142
9 143
9 144
9 145
9 146
9 147
9 148
9 150
9 152
9 154
9 155
9 156
9 157
9 158
9 159
9 160
9 161
9 163
9 164
9 166
9 168
9 170
9 171
9 172
9 174
9 177
9 178
9 179
9 180
9 182
9 184
9 185
9 186
9 188
9 190
9 191
9 192
9 195
9 197
9 198
9 200
9 201
9 203
10 11
10 12
10 13
10 14
10 15
10 16
10 17
10 18
10 19
10 20
10 21
10 22
10 23
10 24
10 25
10 26
10 27
10 28
10 29
10 30
10 31
10 32
10 33
10 34
10 35
10 36
10 37
10 38
10 39
10 40
10 41
10 42
10 43
10 44
10 45
10 46
10 47
10 48
10 49
10 50
10 51
10 53
10 54
10 55
10 56
10 57
10 58
10 59
10 60
10 61
10 62
10 63
10 64
10 65
10 66
10 67
10 136
10 139
10 142
10 144
10 146
10 148
10 150
10 154
10 156
10 157
10 158
10 159
10 160
10 164
10 166
10 168
10 172
10 174
10 177
10 179
10 182
10 184
10 188
10 190
10 192
10 195
10 197
10 198
10 201
11 12
11 13
11 14
11 15
11 16
11 17
11 18
11 19
11 20
11 21
11 22
11 23
11 24
11 25
11 26
11 27
11 28
11 29
11 30
11 31
11 32
11 33
11 34
11 35
11 36
11 37
11 38
11 39
11 40
11 41
11 42
11 43
11 44
11 45
11 46
11 47
11 48
11 49
11 50
11 51
11 52
11 53
11 54
11 55
11 56
11 57
11 58
11 59
11 60
11 61
11 62
11 63
11 64
11 65
11 66
11 67
11 136
11 137
11 138
11 139
11 141
11 142
11 143
11 144
11 146
11 147
11 148
11 150
11 152
11 153
11 154
11 155
11 156
11 157
11 158
11 159
11 160
11 161
11 164
11 166
11 168
11 170
11 171
11 172
11 174
11 177
11 178
11 179
11 180
11 182
11 184
11 185
11 186
11 188
11 190
11 191
11 192
11 195
11 197
11 198
11 201
11 203
12 13
12 14
12 15
12 16
12 17
12 18
12 19
12 20
12 21
12 22
12 23
12 24
12 25
12 26
12 28
12 29
12 30
12 31
12 32
12 33
12 34
12 35
12 36
12 37
12 38
12 39
12 40
12 41
12 42
12 43
12 44
12 45
12 46
12 47
12 48
12 49
12 50
12 51
12 52
12 53
12 54
12 55
12 56
12 57
12 58
12 59
12 60
12 61
12 62
12 63
12 64
12 65
12 66
12 67
12 100
12 136
12 137
12 138
12 139
12 140
12 141
12 142
12 143
12 144
12 145
12 146
12 147
12 148
12 149
12 150
12 151
12 152
12 154
12 155
12 156
12 157
12 158
12 159
12 160
12 161
12 162
12 163
12 164
12 166
12 167
12 168
12 169
12 170
12 171
12 172
12 174
12 177
12 178
12 179
12 180
12 181
12 182
12 184
12 185
12 186
12 187
12 188
12 189
12 190
12 191
12 192
12 193
12 194
12 195
12 197
12 198
12 200
12 201
12 203
13 14
13 15
13 16
13 17
13 18
13 20
13 21
13 22
13 24
13 25
13 26
13 31
13 32
13 33
13 34
13 35
13 37
13 38
13 39
13 40
13 41
13 42
13 43
13 44
13 45
13 47
13 48
13 49
13 50
13 51
13 52
13 53
13 54
13 55
13 56
13 57
13 58
13 59
13 60
13 61
13 62
13 63
13 64
13 65
13 66
13 67
13 73
13 74
13 76
13 78
13 82
13 84
13 86
13 99
13 100
13 104
13 106
13 107
13 108
13 110
13 114
13 118
13 120
13 124
13 126
13 128
13 136
13 137
13 138
13 139
13 140
13 141
13 143
13 144
13 145
13 146
13 147
13 148
13 149
13 150
13 151
13 152
13 154
13 155
13 157
13 158
13 159
13 160
13 161
13 162
13 163
13 164
13 166
13 168
13 169
13 170
13 171
13 172
13 174
13 177
13 178
13 179
13 180
13 181
13 182
13 185
13 186
13 187
13 188
13 189
13 190
13 191
13 192
13 193
13 194
13 195
13 197
13 198
13 200
13 201
13 203
14 15
14 16
14 17
14 18
14 19
14 20
14 21
14 22
14 23
14 24
14 25
14 26
14 27
14 28
14 29
14 30
14 31
14 32
14 33
14 34
14 35
14 36
14 37
14 38
14 39
14 40
14 41
14 42
14 43
14 44
14 45
14 46
14 47
14 48
14 49
14 50
14 51
14 52
14 53
14 54
14 55
14 56
14 57
14 58
14 59
14 60
14 61
14 62
14 63
14 64
14 65
14 66
14 67
14 136
14 137
14 138
14 139
14 141
14 142
14 144
14 146
14 147
14 148
14 150
14 152
14 154
14 155
14 156
14 157
14 158
14 159
14 160
14 164
14 166
14 168
14 170
14 171
14 172
14 174
14 177
14 178
14 179
14 180
14 182
14 184
14 185
14 186
14 188
14 190
14 192
14 195
14 197
14 198
14 200
14 201
15 16
15 17
15 18
15 20
15 21
15 22
15 23
15 24
15 25
15 26
15 28
15 29
15 30
15 31
15 32
15 33
15 34
15 35
15 36
15 37
15 38
15 39
15 40
15 41
15 42
15 43
15 44
15 45
15 46
15 47
15 48
15 49
15 50
15 51
15 52
15 53
15 54
15 55
15 56
15 57
15 58
15 59
15 60
15 61
15 62
15 63
15 64
15 65
15 66
15 67
15 68
15 70
15 73
15 74
15 76
15 82
15 84
15 86
15 96
15 99
15 100
15 106
15 107
15 108
15 110
15 114
15 118
15 120
15 124
15 126
15 128
15 136
15 137
15 138
15 139
15 140
15 141
15 142
15 143
15 144
15 145
15 146
15 147
15 148
15 149
15 150
15 151
15 152
15 154
15 155
15 156
15 157
15 158
15 159
15 160
15 161
15 162
15 163
15 164
15 165
15 166
15 167
15 168
15 169
15 170
15 171
15 172
15 174
15 175
15 176
15 177
15 178
15 179
15 180
15 181
15 182
15 184
15 185
15 186
15 187
15 188
15 189
15 190
15 191
15 192
15 193
15 194
15 195
15 196
15 197
15 198
15 200
15 201
15 203
16 17
16 18
16 20
16 21
16 22
16 23
16 24
16 25
16 26
16 28
16 31
16 32
16 33
16 34
16 35
16 36
16 37
16 38
16 39
16 40
16 41
16 42
16 43
16 44
16 45
16 46
16 47
16 48
16 49
16 50
16 51
16 52
16 53
16 54
16 55
16 56
16 57
16 58
16 59
16 60
16 61
16 62
16 63
16 64
16 65
16 66
16 67
16 68
16 70
16 73
16 74
16 76
16 78
16 80
16 81
16 82
16 84
16 86
16 90
16 96
16 99
16 100
16 104
16 106
16 107
16 108
16 110
16 114
16 116
16 118
16 120
16 124
16 126
16 128
16 130
16 134
16 136
16 137
16 138
16 139
16 140
16 141
16 143
16 144
16 145
16 146
16 147
16 148
16 149
16 150
16 151
16 152
16 154
16 155
16 156
16 157
16 158
16 159
16 160
16 161
16 162
16 163
16 164
16 165
16 166
16 167
16 168
16 169
16 170
16 171
16 172
16 173
16 174
16 175
16 176
16 177
16 178
16 179
16 180
16 181
16 182
16 183
16 184
16 185
16 186
16 187
16 188
16 189
16 190
16 191
16 192
16 193
16 194
16 195
16 196
16 197
16 198
16 199
16 200
16 201
16 202
16 203
17 18
17 19
17 20
17 21
17 22
17 23
17 24
17 25
17 26
17 27
17 28
17 29
17 30
17 31
17 32
17 33
17 34
17 35
17 36
17 37
17 38
17 39
17 40
17 41
17 42
17 43
17 44
17 45
17 46
17 47
17 48
17 49
17 50
17 51
17 52
17 53
17 54
17 55
17 56
17 57
17 58
17 59
17 60
17 61
17 62
17 63
17 64
17 65
17 66
17 67
17 136
17 139
17 141
17 142
17 144
17 146
17 148
17 150
17 154
17 155
17 156
17 157
17 158
17 159
17 160
17 164
17 166
17 168
17 172
17 174
17 177
17 179
17 182
17 184
17 188
17 190
17 192
17 195
17 197
17 198
17 201
18 20
18 21
18 22
18 23
18 24
18 25
18 26
18 28
18 29
18 30
18 31
18 32
18 33
18 34
18 35
18 36
18 37
18 38
18 39
18 40
18 41
18 42
18 43
18 44
18 45
18 46
18 47
18 48
18 49
18 50
18 51
18 52
18 53
18 54
18 55
18 56
18 57
18 58
18 59
18 60
18 61
18 62
18 63
18 64
18 65
18 66
18 67
18 70
18 73
18 74
18 76
18 82
18 84
18 86
18 96
18 99
18 100
18 106
18 107
18 108
18 110
18 114
18 118
18 120
18 124
18 126
18 128
18 136
18 137
18 138
18 139
18 140
18 141
18 142
18 143
18 144
18 145
18 146
18 147
18 148
18 149
18 150
18 151
18 152
18 153
18 154
18 155
18 156
18 157
18 158
18 159
18 160
18 161
18 162
18 163
18 164
18 165
18 166
18 167
18 168
18 169
18 170
18 171
18 172
18 173
18 174
18 175
18 176
18 177
18 178
18 179
18 180
18 181
18 182
18 183
18 184
18 185
18 186
18 187
18 188
18 189
18 190
18 191
18 192
18 193
18 194
18 195
18 196
18 197
18 198
18 199
18 200
18 201
18 202
18 203
19 20
19 21
19 22
19 23
19 24
19 25
19 26
19 27
19 28
19 29
19 30
19 31
19 32
19 35
19 36
19 37
19 38
19 39
19 41
19 43
19 44
19 45
19 46
19 47
19 48
19 49
19 50
19 51
19 53
19 54
19 55
19 57
19 59
19 61
19 62
19 63
19 64
19 66
19 67
19 139
19 142
19 148
19 150
19 154
19 156
19 158
19 166
19 168
19 177
19 190
19 192
19 197
20 21
20 22
20 23
20 24
20 25
20 26
20 27
20 28
20 29
20 30
20 31
20 32
20 33
20 34
20 35
20 36
20 37
20 38
20 39
20 40
20 41
20 42
20 43
20 44
20 45
20 46
20 47
20 48
20 49
20 50
20 51
20 53
20 54
20 55
20 56
20 57
20 58
20 59
20 60
20 61
20 62
20 63
20 64
20 65
20 66
20 67
20 136
20 139
20 142
20 144
20 146
20 148
20 150
20 154
20 156
20 157
20 158
20 159
20 160
20 164
20 166
20 168
20 172
20 174
20 177
20 179
20 182
20 184
20 188
20 190
20 192
20 195
20 197
20 198
20 201
21 22
21 23
21 24
21 25
21 26
21 27
21 28
21 29
21 30
21 31
21 32
21 33
21 34
21 35
21 36
21 37
21 38
21 39
21 40
21 41
21 42
21 43
21 44
21 45
21 46
21 47
21 48
21 49
21 50
21 51
21 52
21 53
21 54
21 55
21 56
21 57
21 58
21 59
21 60
21 61
21 62
21 63
21 64
21 65
21 66
21 67
21 136
21 137
21 138
21 139
21 140
21 141
21 142
21 143
21 144
21 145
21 146
21 147
21 148
21 150
21 152
21 154
21 155
21 156
21 157
21 158
21 159
21 160
21 161
21 162
21 163
21 164
21 166
21 168
21 170
21 171
21 172
21 174
21 177
21 178
21 179
21 180
21 182
21 184
21 185
21 186
21 188
21 190
21 191
21 192
21 195
21 197
21 198
21 200
21 201
21 203
22 23
22 24
22 25
22 26
22 27
22 28
22 29
22 30
22 31
22 32
22 33
22 34
22 35
22 36
22 37
22 38
22 39
22 40
22 41
22 42
22 43
22 44
22 45
22 46
22 47
22 48
22 49
22 50
22 51
22 52
22 53
22 54
22 55
22 56
22 57
22 58
22 59
22 60
22 61
22 62
22 63
22 64
22 65
22 66
22 67
22 136
22 137
22 138
22 139
22 141
22 142
22 143
22 144
22 145
22 146
22 147
22 148
22 150
22 152
22 154
22 155
22 156
22 157
22 158
22 159
22 160
22 161
22 164
22 166
22 168
22 170
22 171
22 172
22 174
22 177
22 178
22 179
22 180
22 182
22 184
22 185
22 186
22 188
22 190
22 191
22 192
22 195
22 197
22 198
22 200
22 201
22 203
23 24
23 25
23 26
23 27
23 28
23 29
23 30
23 31
23 32
23 33
23 34
23 35
23 36
23 37
23 38
23 39
23 40
23 41
23 42
23 43
23 44
23 45
23 46
23 47
23 48
23 49
23 50
23 51
23 53
23 54
23 55
23 56
23 57
23 58
23 59
23 60
23 61
23 62
23 63
23 64
23 65
23 66
23 67
23 136
23 138
23 139
23 142
23 144
23 146
23 148
23 150
23 154
23 155
23 156
23 157
23 158
23 159
23 160
23 164
23 166
23 168
23 170
23 172
23 174
23 177
23 179
23 182
23 184
23 188
23 190
23 192
23 195
23 197
23 198
23 201
24 25
24 26
24 27
24 28
24 29
24 30
24 31
24 32
24 33
24 34
24 35
24 36
24 37
24 38
24 39
24 40
24 41
24 42
24 43
24 44
24 45
24 46
24 47
24 48
24 49
24 50
24 51
24 52
24 53
24 54
24 55
24 56
24 57
24 58
24 59
24 60
24 61
24 62
24 63
24 64
24 65
24 66
24 67
24 136
24 137
24 138
24 139
24 141
24 142
24 144
24 146
24 147
24 148
24 150
24 152
24 154
24 155
24 156
24 157
24 158
24 159
24 160
24 164
24 166
24 168
24 170
24 171
24 172
24 174
24 177
24 178
24 179
24 180
24 182
24 184
24 185
24 186
24 188
24 190
24 192
24 195
24 197
24 198
24 200
24 201
24 203
25 26
25 27
25 28
25 29
25 30
25 31
25 32
25 33
25 34
25 35
25 36
25 37
25 38
25 39
25 40
25 41
25 42
25 43
25 44
25 45
25 46
25 47
25 48
25 49
25 50
25 51
25 52
25 53
25 54
25 55
25 56
25 57
25 58
25 59
25 60
25 61
25 62
25 63
25 64
25 65
25 66
25 67
25 136
25 137
25 138
25 139
25 140
25 141
25 142
25 143
25 144
25 145
25 146
25 147
25 148
25 150
25 152
25 153
25 154
25 155
25 156
25 157
25 158
25 159
25 160
25 161
25 164
25 166
25 168
25 170
25 171
25 172
25 174
25 177
25 178
25 179
25 180
25 182
25 184
25 185
25 186
25 188
25 190
25 191
25 192
25 195
25 197
25 198
25 201
25 203
26 27
26 28
26 29
26 30
26 31
26 32
26 33
26 34
26 35
26 36
26 37
26 38
26 39
26 40
26 41
26 42
26 43
26 44
26 45
26 46
26 47
26 48
26 49
26 50
26 51
26 52
26 53
26 54
26 55
26 56
26 57
26 58
26 59
26 60
26 61
26 62
26 63
26 64
26 65
26 66
26 67
26 136
26 137
26 138
26 139
26 140
26 141
26 142
26 143
26 144
26 145
26 146
26 147
26 148
26 149
26 150
26 151
26 152
26 153
26 154
26 155
26 156
26 157
26 158
26 159
26 160
26 161
26 162
26 163
26 164
26 166
26 168
26 170
26 171
26 172
26 174
26 177
26 178
26 179
26 180
26 181
26 182
26 184
26 185
26 186
26 187
26 188
26 190
26 191
26 192
26 193
26 194
26 195
26 197
26 198
26 200
26 201
26 203
27 28
27 29
27 30
27 31
27 32
27 35
27 36
27 37
27 38
27 39
27 41
27 43
27 44
27 45
27 46
27 47
27 49
27 50
27 51
27 53
27 55
27 57
27 59
27 61
27 63
27 66
27 67
27 139
27 142
27 148
27 156
27 158
27 166
27 168
27 177
27 190
28 29
28 30
28 31
28 32
28 33
28 34
28 35
28 36
28 37
28 38
28 39
28 40
28 41
28 42
28 43
28 44
28 45
28 46
28 47
28 48
28 49
28 50
28 51
28 53
28 54
28 55
28 56
28 57
28 58
28 59
28 60
28 61
28 62
28 63
28 64
28 65
28 66
28 67
28 136
28 137
28 138
28 139
28 141
28 142
28 144
28 146
28 147
28 148
28 150
28 153
28 154
28 155
28 156
28 157
28 158
28 159
28 160
28 164
28 166
28 168
28 170
28 172
28 174
28 177
28 179
28 182
28 184
28 188
28 190
28 192
28 195
28 197
28 198
28 201
29 30
29 31
29 32
29 33
29 34
29 35
29 36
29 37
29 38
29 39
29 40
29 41
29 43
29 44
29 45
29 46
29 47
29 48
29 49
29 50
29 51
29 53
29 54
29 55
29 56
29 57
29 58
29 59
29 60
29 61
29 62
29 63
29 64
29 65
29 66
29 67
29 136
29 139
29 142
29 144
29 146
29 148
29 150
29 153
29 154
29 156
29 157
29 158
29 160
29 164
29 166
29 168
29 174
29 177
29 182
29 184
29 188
29 190
29 192
29 195
29 197
29 198
29 201
30 31
30 32
30 33
30 34
30 35
30 36
30 37
30 38
30 39
30 40
30 41
30 43
30 44
30 45
30 46
30 47
30 48
30 49
30 50
30 51
30 53
30 54
30 55
30 56
30 57
30 58
30 59
30 60
30 61
30 62
30 63
30 64
30 65
30 66
30 67
30 136
30 139
30 142
30 146
30 148
30 150
30 154
30 156
30 157
30 158
30 164
30 166
30 168
30 174
30 177
30 182
30 184
30 188
30 190
30 192
30 195
30 197
31 32
31 33
31 34
31 35
31 36
31 37
31 38
31 39
31 40
31 41
31 42
31 43
31 44
31 45
31 46
31 47
31 48
31 49
31 50
31 51
31 52
31 53
31 54
31 55
31 56
31 57
31 58
31 59
31 60
31 61
31 62
31 63
31 64
31 65
31 66
31 67
31 136
31 137
31 138
31 139
31 140
31 141
31 142
31 143
31 144
31 145
31 146
31 147
31 148
31 149
31 150
31 151
31 152
31 154
31 155
31 156
31 157
31 158
31 159
31 160
31 161
31 162
31 163
31 164
31 166
31 168
31 170
31 171
31 172
31 174
31 177
31 178
31 179
31 180
31 181
31 182
31 184
31 185
31 186
31 187
31 188
31 190
31 191
31 192
31 193
31 194
31 195
31 197
31 198
31 200
31 201
31 203
32 33
32 34
32 35
32 36
32 37
32 38
32 39
32 40
32 41
32 42
32 43
32 44
32 45
32 46
32 47
32 48
32 49
32 50
32 51
32 52
32 53
32 54
32 55
32 56
32 57
32 58
32 59
32 60
32 61
32 62
32 63
32 64
32 65
32 66
32 67
32 136
32 137
32 138
32 139
32 140
32 141
32 142
32 143
32 144
32 145
32 146
32 147
32 148
32 150
32 152
32 153
32 154
32 155
32 156
32 157
32 158
32 159
32 160
32 161
32 162
32 163
32 164
32 166
32 168
32 170
32 171
32 172
32 174
32 177
32 178
32 179
32 180
32 182
32 184
32 185
32 186
32 188
32 190
32 191
32 192
32 195
32 197
32 198
32 200
32 201
32 203
33 34
33 35
33 36
33 37
33 38
33 39
33 40
33 41
33 42
33 43
33 44
33 45
33 46
33 47
33 48
33 49
33 50
33 51
33 52
33 53
33 54
33 55
33 56
33 57
33 58
33 59
33 60
33 61
33 62
33 63
33 64
33 65
33 66
33 67
33 73
33 74
33 76
33 82
33 84
33 86
33 99
33 100
33 106
33 107
33 108
33 110
33 114
33 118
33 120
33 124
33 126
33 128
33 136
33 137
33 138
33 139
33 140
33 141
33 143
33 144
33 145
33 146
33 147
33 148
33 149
33 150
33 151
33 152
33 154
33 155
33 156
33 157
33 158
33 159
33 160
33 161
33 162
33 163
33 164
33 166
33 168
33 169
33 170
33 171
33 172
33 174
33 177
33 178
33 179
33 180
33 181
33 182
33 184
33 185
33 186
33 187
33 188
33 189
33 190
33 191
33 192
33 193
33 194
33 195
33 197
33 198
33 200
33 201
33 203
34 35
34 36
34 37
34 38
34 39
34 40
34 41
34 42
34 43
34 44
34 45
34 46
34 47
34 48
34 49
34 50
34 51
34 52
34 53
34 54
34 55
34 56
34 57
34 58
34 59
34 60
34 61
34 62
34 63
34 64
34 65
34 66
34 67
34 68
34 70
34 73
34 74
34 76
34 82
34 84
34 86
34 96
34 99
34 100
34 106
34 107
34 108
34 110
34 114
34 118
34 120
34 124
34 126
34 128
34 136
34 137
34 138
34 139
34 140
34 141
34 143
34 144
34 145
34 146
34 147
34 148
34 149
34 150
34 151
34 152
34 154
34 155
34 156
34 157
34 158
34 159
34 160
34 161
34 162
34 163
34 164
34 165
34 166
34 167
34 168
34 169
34 170
34 171
34 172
34 174
34 175
34 176
34 177
34 178
34 179
34 180
34 181
34 182
34 184
34 185
34 186
34 187
34 188
34 189
34 190
34 191
34 192
34 193
34 194
34 195
34 196
34 197
34 198
34 200
34 201
34 202
34 203
35 36
35 37
35 38
35 39
35 40
35 41
35 42
35 43
35 44
35 45
35 46
35 47
35 48
35 49
35 50
35 51
35 52
35 53
35 54
35 55
35 56
35 57
35 58
35 59
35 60
35 61
35 62
35 63
35 64
35 65
35 66
35 67
35 136
35 137
35 138
35 139
35 140
35 141
35 142
35 143
35 144
35 145
35 146
35 147
35 148
35 149
35 150
35 151
35 152
35 154
35 155
35 156
35 157
35 158
35 159
35 160
35 161
35 162
35 163
35 164
35 166
35 168
35 169
35 170
35 171
35 172
35 174
35 177
35 178
35 179
35 180
35 181
35 182
35 184
35 185
35 186
35 187
35 188
35 189
35 190
35 191
35 192
35 193
35 194
35 195
35 197
35 198
35 200
35 201
35 203
36 37
36 38
36 39
36 40
36 41
36 42
36 43
36 44
36 45
36 46
36 47
36 48
36 49
36 50
36 51
36 53
36 54
36 55
36 56
36 57
36 58
36 59
36 60
36 61
36 62
36 63
36 64
36 65
36 66
36 67
36 136
36 137
36 138
36 139
36 141
36 142
36 144
36 146
36 147
36 148
36 150
36 153
36 154
36 155
36 156
36 157
36 158
36 159
36 160
36 164
36 166
36 168
36 170
36 172
36 174
36 177
36 178
36 179
36 180
36 182
36 184
36 188
36 190
36 192
36 195
36 197
36 198
36 201
37 38
37 39
37 40
37 41
37 42
37 43
37 44
37 45
37 46
37 47
37 48
37 49
37 50
37 51
37 53
37 54
37 55
37 56
37 57
37 58
37 59
37 60
37 61
37 62
37 63
37 64
37 65
37 66
37 67
37 136
37 138
37 139
37 141
37 142
37 144
37 146
37 148
37 150
37 154
37 155
37 156
37 157
37 158
37 159
37 160
37 164
37 166
37 168
37 170
37 172
37 174
37 177
37 179
37 182
37 184
37 188
37 190
37 192
37 195
37 197
37 198
37 201
38 39
38 40
38 41
38 42
38 43
38 44
38 45
38 46
38 47
38 48
38 49
38 50
38 51
38 52
38 53
38 54
38 55
38 56
38 57
38 58
38 59
38 60
38 61
38 62
38 63
38 64
38 65
38 66
38 67
38 136
38 137
38 138
38 139
38 140
38 141
38 142
38 143
38 144
38 145
38 146
38 147
38 148
38 150
38 152
38 153
38 154
38 155
38 156
38 157
38 158
38 159
38 160
38 161
38 163
38 164
38 166
38 168
38 170
38 171
38 172
38 174
38 177
38 178
38 179
38 180
38 182
38 184
38 185
38 186
38 188
38 190
38 191
38 192
38 195
38 197
38 198
38 200
38 201
38 203
39 40
39 41
39 42
39 43
39 44
39 45
39 46
39 47
39 48
39 49
39 50
39 51
39 53
39 54
39 55
39 56
39 57
39 58
39 59
39 60
39 61
39 62
39 63
39 64
39 65
39 66
39 67
39 136
39 138
39 139
39 141
39 142
39 144
39 146
39 148
39 150
39 154
39 155
39 156
39 157
39 158
39 159
39 160
39 164
39 166
39 168
39 170
39 172
39 174
39 177
39 179
39 182
39 184
39 188
39 190
39 192
39 195
39 197
39 198
39 201
40 41
40 42
40 43
40 44
40 45
40 46
40 47
40 48
40 49
40 50
40 51
40 52
40 53
40 54
40 55
40 56
40 57
40 58
40 59
40 60
40 61
40 62
40 63
40 64
40 65
40 66
40 67
40 68
40 70
40 73
40 74
40 76
40 82
40 84
40 86
40 96
40 99
40 100
40 104
40 106
40 107
40 108
40 110
40 114
40 118
40 120
40 124
40 126
40 128
40 136
40 137
40 138
40 139
40 140
40 141
40 142
40 143
40 144
40 145
40 146
40 147
40 148
40 149
40 150
40 151
40 152
40 154
40 155
40 156
40 157
40 158
40 159
40 160
40 161
40 162
40 163
40 164
40 165
40 166
40 167
40 168
40 169
40 170
40 171
40 172
40 174
40 175
40 176
40 177
40 178
40 179
40 180
40 181
40 182
40 184
40 185
40 186
40 187
40 188
40 189
40 190
40 191
40 192
40 193
40 194
40 195
40 196
40 197
40 198
40 200
40 201
40 202
40 203
41 42
41 43
41 44
41 45
41 46
41 47
41 48
41 49
41 50
41 51
41 52
41 53
41 54
41 55
41 56
41 57
41 58
41 59
41 60
41 61
41 62
41 63
41 64
41 65
41 66
41 67
41 136
41 137
41 138
41 139
41 141
41 142
41 144
41 146
41 147
41 148
41 150
41 152
41 154
41 155
41 156
41 157
41 158
41 159
41 160
41 164
41 166
41 168
41 170
41 171
41 172
41 174
41 177
41 178
41 179
41 180
41 182
41 184
41 185
41 186
41 188
41 190
41 192
41 195
41 197
41 198
41 200
41 201
41 203
42 43
42 44
42 45
42 46
42 47
42 48
42 49
42 50
42 51
42 52
42 53
42 54
42 55
42 56
42 57
42 58
42 59
42 60
42 61
42 62
42 63
42 64
42 65
42 66
42 67
42 68
42 70
42 73
42 74
42 76
42 81
42 82
42 84
42 86
42 90
42 96
42 99
42 100
42 104
42 106
42 107
42 108
42 110
42 114
42 116
42 118
42 120
42 124
42 126
42 128
42 136
42 137
42 138
42 139
42 140
42 141
42 142
42 143
42 144
42 145
42 146
42 147
42 148
42 149
42 150
42 151
42 152
42 154
42 155
42 156
42 157
42 158
42 159
42 160
42 161
42 162
42 163
42 164
42 165
42 166
42 167
42 168
42 169
42 170
42 171
42 172
42 173
42 174
42 175
42 176
42 177
42 178
42 179
42 180
42 181
42 182
42 183
42 184
42 185
42 186
42 187
42 188
42 189
42 190
42 191
42 192
42 193
42 194
42 195
42 196
42 197
42 198
42 199
42 200
42 201
42 202
42 203
43 44
43 45
43 46
43 47
43 48
43 49
43 50
43 51
43 52
43 53
43 54
43 55
43 56
43 57
43 58
43 59
43 60
43 61
43 62
43 63
43 64
43 65
43 66
43 67
43 136
43 137
43 138
43 139
43 141
43 142
43 143
43 144
43 146
43 147
43 148
43 150
43 152
43 154
43 155
43 156
43 157
43 158
43 159
43 160
43 164
43 166
43 168
43 170
43 171
43 172
43 174
43 177
43 178
43 179
43 180
43 182
43 184
43 185
43 186
43 188
43 190
43 192
43 195
43 197
43 198
43 200
43 201
43 203
44 45
44 46
44 47
44 48
44 49
44 50
44 51
44 52
44 53
44 54
44 55
44 56
44 57
44 58
44 59
44 60
44 61
44 62
44 63
44 64
44 65
44 66
44 67
44 100
44 136
44 137
44 138
44 139
44 140
44 141
44 142
44 143
44 144
44 145
44 146
44 147
44 148
44 149
44 150
44 151
44 152
44 154
44 155
44 156
44 157
44 158
44 159
44 160
44 161
44 162
44 163
44 164
44 166
44 167
44 168
44 169
44 170
44 171
44 172
44 174
44 177
44 178
44 179
44 180
44 181
44 182
44 184
44 185
44 186
44 187
44 188
44 189
44 190
44 191
44 192
44 193
44 194
44 195
44 197
44 198
44 200
44 201
44 203
45 46
45 47
45 48
45 49
45 50
45 51
45 52
45 53
45 54
45 55
45 56
45 57
45 58
45 59
45 60
45 61
45 62
45 63
45 64
45 65
45 66
45 67
45 136
45 137
45 138
45 139
45 141
45 142
45 143
45 144
45 146
45 147
45 148
45 150
45 152
45 153
45 154
45 155
45 156
45 157
45 158
45 159
45 160
45 161
45 164
45 166
45 168
45 170
45 171
45 172
45 174
45 177
45 178
45 179
45 180
45 182
45 184
45 185
45 186
45 188
45 190
45 191
45 192
45 195
45 197
45 198
45 201
45 203
46 47
46 48
46 49
46 50
46 51
46 53
46 54
46 55
46 56
46 57
46 58
46 59
46 60
46 61
46 62
46 63
46 64
46 65
46 66
46 67
46 136
46 139
46 142
46 144
46 146
46 148
46 150
46 154
46 156
46 157
46 158
46 160
46 164
46 166
46 168
46 174
46 177
46 182
46 184
46 188
46 190
46 192
46 195
46 197
46 198
46 201
47 48
47 49
47 50
47 51
47 52
47 53
47 54
47 55
47 56
47 57
47 58
47 59
47 60
47 61
47 62
47 63
47 64
47 65
47 66
47 67
47 136
47 137
47 138
47 139
47 140
47 141
47 142
47 143
47 144
47 145
47 146
47 147
47 148
47 150
47 151
47 152
47 154
47 155
47 156
47 157
47 158
47 159
47 160
47 161
47 162
47 163
47 164
47 166
47 168
47 170
47 171
47 172
47 174
47 177
47 178
47 179
47 180
47 181
47 182
47 184
47 185
47 186
47 188
47 190
47 191
47 192
47 193
47 194
47 195
47 197
47 198
47 200
47 201
47 203
48 49
48 50
48 51
48 52
48 53
48 54
48 55
48 56
48 57
48 58
48 59
48 60
48 61
48 62
48 63
48 64
48 65
48 66
48 67
48 100
48 106
48 108
48 124
48 126
48 128
48 136
48 137
48 138
48 139
48 140
48 141
48 142
48 143
48 144
48 145
48 146
48 147
48 148
48 149
48 150
48 151
48 152
48 154
48 155
48 156
48 157
48 158
48 159
48 160
48 161
48 162
48 163
48 164
48 165
48 166
48 167
48 168
48 169
48 170
48 171
48 172
48 174
48 175
48 177
48 178
48 179
48 180
48 181
48 182
48 184
48 185
48 186
48 187
48 188
48 189
48 190
48 191
48 192
48 193
48 194
48 195
48 196
48 197
48 198
48 200
48 201
48 203
49 50
49 51
49 52
49 53
49 54
49 55
49 56
49 57
49 58
49 59
49 60
49 61
49 62
49 63
49 64
49 65
49 66
49 67
49 136
49 137
49 138
49 139
49 140
49 141
49 142
49 143
49 144
49 145
49 146
49 147
49 148
49 150
49 151
49 152
49 154
49 155
49 156
49 157
49 158
49 159
49 160
49 161
49 162
49 163
49 164
49 166
49 168
49 170
49 171
49 172
49 174
49 177
49 178
49 179
49 180
49 181
49 182
49 184
49 185
49 186
49 188
49 190
49 191
49 192
49 195
49 197
49 198
49 200
49 201
49 203
50 51
50 52
50 53
50 54
50 55
50 56
50 57
50 58
50 59
50 60
50 61
50 62
50 63
50 64
50 65
50 66
50 67
50 136
50 137
50 138
50 139
50 140
50 141
50 142
50 143
50 144
50 145
50 146
50 147
50 148
50 149
50 150
50 151
50 152
50 154
50 155
50 156
50 157
50 158
50 159
50 160
50 161
50 162
50 163
50 164
50 166
50 168
50 169
50 170
50 171
50 172
50 174
50 177
50 178
50 179
50 180
50 181
50 182
50 184
50 185
50 186
50 187
50 188
50 189
50 190
50 191
50 192
50 193
50 194
50 195
50 197
50 198
50 200
50 201
50 203
51 52
51 53
51 54
51 55
51 56
51 57
51 58
51 59
51 60
51 61
51 62
51 63
51 64
51 65
51 66
51 67
51 136
51 137
51 138
51 139
51 141
51 142
51 143
51 144
51 145
51 146
51 147
51 148
51 150
51 152
51 154
51 155
51 156
51 157
51 158
51 159
51 160
51 161
51 162
51 163
51 164
51 166
51 168
51 170
51 171
51 172
51 174
51 177
51 178
51 179
51 180
51 182
51 184
51 185
51 186
51 188
51 190
51 191
51 192
51 195
51 197
51 198
51 200
51 201
51 203
52 53
52 54
52 55
52 56
52 58
52 59
52 60
52 61
52 62
52 63
52 64
52 65
52 66
52 67
52 68
52 70
52 72
52 73
52 74
52 76
52 77
52 78
52 79
52 80
52 81
52 82
52 84
52 86
52 89
52 90
52 91
52 92
52 93
52 94
52 95
52 96
52 99
52 100
52 104
52 106
52 107
52 108
52 110
52 111
52 113
52 114
52 116
52 117
52 118
52 120
52 122
52 124
52 126
52 128
52 130
52 134
52 136
52 137
52 138
52 139
52 140
52 141
52 143
52 144
52 145
52 146
52 147
52 148
52 149
52 150
52 151
52 152
52 154
52 155
52 157
52 158
52 159
52 160
52 161
52 162
52 163
52 164
52 165
52 166
52 167
52 168
52 169
52 170
52 171
52 172
52 173
52 174
52 175
52 176
52 177
52 178
52 179
52 180
52 181
52 182
52 183
52 184
52 185
52 186
52 187
52 188
52 189
52 190
52 191
52 192
52 193
52 194
52 195
52 196
52 197
52 198
52 199
52 200
52 201
52 202
52 203
53 54
53 55
53 56
53 57
53 58
53 59
53 60
53 61
53 62
53 63
53 64
53 65
53 66
53 67
53 136
53 137
53 138
53 139
53 141
53 142
53 144
53 146
53 147
53 148
53 150
53 154
53 155
53 156
53 157
53 158
53 159
53 160
53 164
53 166
53 168
53 170
53 171
53 172
53 174
53 177
53 178
53 179
53 180
53 182
53 184
53 186
53 188
53 190
53 192
53 195
53 197
53 198
53 200
53 201
54 55
54 56
54 57
54 58
54 59
54 60
54 61
54 62
54 63
54 64
54 65
54 66
54 67
54 99
54 100
54 106
54 107
54 108
54 124
54 126
54 128
54 136
54 137
54 138
54 139
54 140
54 141
54 142
54 143
54 144
54 145
54 146
54 147
54 148
54 149
54 150
54 151
54 152
54 154
54 155
54 156
54 157
54 158
54 159
54 160
54 161
54 162
54 163
54 164
54 165
54 166
54 167
54 168
54 169
54 170
54 171
54 172
54 174
54 175
54 177
54 178
54 179
54 180
54 181
54 182
54 184
54 185
54 186
54 187
54 188
54 189
54 190
54 191
54 192
54 193
54 194
54 195
54 196
54 197
54 198
54 200
54 201
54 203
55 56
55 57
55 58
55 59
55 60
55 61
55 62
55 63
55 64
55 65
55 66
55 67
55 136
55 137
55 138
55 139
55 140
55 141
55 142
55 143
55 144
55 145
55 146
55 147
55 148
55 150
55 152
55 154
55 155
55 156
55 157
55 158
55 159
55 160
55 161
55 162
55 163
55 164
55 166
55 168
55 170
55 171
55 172
55 174
55 177
55 178
55 179
55 180
55 182
55 184
55 185
55 186
55 188
55 190
55 191
55 192
55 195
55 197
55 198
55 200
55 201
55 203
56 57
56 58
56 59
56 60
56 61
56 62
56 63
56 64
56 65
56 66
56 67
56 73
56 76
56 82
56 84
56 86
56 99
56 100
56 106
56 107
56 108
56 110
56 114
56 118
56 120
56 124
56 126
56 128
56 136
56 137
56 138
56 139
56 140
56 141
56 142
56 143
56 144
56 145
56 146
56 147
56 148
56 149
56 150
56 151
56 152
56 154
56 155
56 156
56 157
56 158
56 159
56 160
56 161
56 162
56 163
56 164
56 165
56 166
56 167
56 168
56 169
56 170
56 171
56 172
56 174
56 175
56 177
56 178
56 179
56 180
56 181
56 182
56 184
56 185
56 186
56 187
56 188
56 189
56 190
56 191
56 192
56 193
56 194
56 195
56 196
56 197
56 198
56 200
56 201
56 203
57 58
57 59
57 60
57 61
57 62
57 63
57 64
57 65
57 66
57 67
57 136
57 139
57 142
57 144
57 146
57 148
57 150
57 154
57 156
57 157
57 158
57 159
57 160
57 164
57 166
57 168
57 172
57 174
57 177
57 179
57 182
57 184
57 188
57 190
57 192
57 195
57 197
57 198
57 201
58 59
58 60
58 61
58 62
58 63
58 64
58 65
58 66
58 67
58 76
58 82
58 84
58 86
58 99
58 100
58 106
58 107
58 108
58 110
58 114
58 120
58 124
58 126
58 128
58 136
58 137
58 138
58 139
58 140
58 141
58 142
58 143
58 144
58 145
58 146
58 147
58 148
58 149
58 150
58 151
58 152
58 154
58 155
58 156
58 157
58 158
58 159
58 160
58 161
58 162
58 163
58 164
58 166
58 167
58 168
58 169
58 170
58 171
58 172
58 174
58 177
58 178
58 179
58 180
58 181
58 182
58 184
58 185
58 186
58 187
58 188
58 189
58 190
58 191
58 192
58 193
58 194
58 195
58 196
58 197
58 198
58 200
58 201
58 203
59 60
59 61
59 62
59 63
59 64
59 65
59 66
59 67
59 136
59 137
59 138
59 139
59 141
59 142
59 144
59 146
59 147
59 148
59 150
59 154
59 155
59 156
59 157
59 158
59 159
59 160
59 164
59 166
59 168
59 170
59 171
59 172
59 174
59 177
59 179
59 182
59 184
59 186
59 188
59 190
59 192
59 195
59 197
59 198
59 200
59 201
60 61
60 62
60 63
60 64
60 65
60 66
60 67
60 68
60 70
60 73
60 74
60 76
60 82
60 84
60 86
60 96
60 99
60 100
60 106
60 107
60 108
60 110
60 114
60 118
60 120
60 124
60 126
60 128
60 136
60 137
60 138
60 139
60 140
60 141
60 142
60 143
60 144
60 145
60 146
60 147
60 148
60 149
60 150
60 151
60 152
60 154
60 155
60 156
60 157
60 158
60 159
60 160
60 161
60 162
60 163
60 164
60 165
60 166
60 167
60 168
60 169
60 170
60 171
60 172
60 173
60 174
60 175
60 176
60 177
60 178
60 179
60 180
60 181
60 182
60 183
60 184
60 185
60 186
60 187
60 188
60 189
60 190
60 191
60 192
60 193
60 194
60 195
60 196
60 197
60 198
60 200
60 201
60 202
60 203
61 62
61 63
61 64
61 65
61 66
61 67
61 136
61 137
61 138
61 139
61 141
61 142
61 143
61 144
61 146
61 147
61 148
61 150
61 152
61 154
61 155
61 156
61 157
61 158
61 159
61 160
61 164
61 166
61 168
61 170
61 171
61 172
61 174
61 177
61 178
61 179
61 180
61 182
61 184
61 185
61 186
61 188
61 190
61 192
61 195
61 197
61 198
61 200
61 201
61 203
62 63
62 64
62 65
62 66
62 67
62 76
62 84
62 86
62 99
62 100
62 106
62 107
62 108
62 124
62 126
62 128
62 136
62 137
62 138
62 139
62 140
62 141
62 142
62 143
62 144
62 145
62 146
62 147
62 148
62 149
62 150
62 151
62 152
62 154
62 155
62 156
62 157
62 158
62 159
62 160
62 161
62 162
62 163
62 164
62 165
62 166
62 167
62 168
62 169
62 170
62 171
62 172
62 174
62 175
62 177
62 178
62 179
62 180
62 181
62 182
62 184
62 185
62 186
62 187
62 188
62 189
62 190
62 191
62 192
62 193
62 194
62 195
62 196
62 197
62 198
62 200
62 201
62 203
63 64
63 65
63 66
63 67
63 136
63 137
63 138
63 139
63 141
63 142
63 144
63 146
63 147
63 148
63 150
63 154
63 155
63 156
63 157
63 158
63 159
63 160
63 164
63 166
63 168
63 170
63 171
63 172
63 174
63 177
63 179
63 182
63 184
63 188
63 190
63 192
63 195
63 197
63 198
63 201
64 65
64 66
64 67
64 76
64 84
64 86
64 99
64 100
64 106
64 107
64 108
64 120
64 124
64 126
64 128
64 136
64 137
64 138
64 139
64 140
64 141
64 142
64 143
64 144
64 145
64 146
64 147
64 148
64 149
64 150
64 151
64 152
64 154
64 155
64 156
64 157
64 158
64 159
64 160
64 161
64 162
64 163
64 164
64 165
64 166
64 167
64 168
64 169
64 170
64 171
64 172
64 174
64 175
64 177
64 178
64 179
64 180
64 181
64 182
64 184
64 185
64 186
64 187
64 188
64 189
64 190
64 191
64 192
64 193
64 194
64 195
64 196
64 197
64 198
64 200
64 201
64 203
65 66
65 67
65 76
65 82
65 84
65 86
65 99
65 100
65 106
65 107
65 108
65 110
65 114
65 118
65 120
65 124
65 126
65 128
65 136
65 137
65 138
65 139
65 140
65 141
65 143
65 144
65 145
65 146
65 147
65 148
65 149
65 150
65 151
65 152
65 154
65 155
65 156
65 157
65 158
65 159
65 160
65 161
65 162
65 163
65 164
65 166
65 168
65 169
65 170
65 171
65 172
65 174
65 177
65 178
65 179
65 180
65 181
65 182
65 184
65 185
65 186
65 187
65 188
65 189
65 190
65 191
65 192
65 193
65 194
65 195
65 197
65 198
65 200
65 201
65 203
66 67
66 136
66 137
66 138
66 139
66 140
66 141
66 142
66 143
66 144
66 145
66 146
66 147
66 148
66 149
66 150
66 151
66 152
66 153
66 154
66 155
66 156
66 157
66 158
66 159
66 160
66 161
66 162
66 163
66 164
66 166
66 167
66 168
66 169
66 170
66 171
66 172
66 174
66 177
66 178
66 179
66 180
66 181
66 182
66 184
66 185
66 186
66 187
66 188
66 189
66 190
66 191
66 192
66 193
66 194
66 195
66 197
66 198
66 200
66 201
66 203
67 136
67 137
67 138
67 139
67 140
67 141
67 142
67 143
67 144
67 145
67 146
67 147
67 148
67 150
67 151
67 152
67 154
67 155
67 156
67 157
67 158
67 159
67 160
67 161
67 162
67 163
67 164
67 166
67 168
67 170
67 171
67 172
67 174
67 177
67 178
67 179
67 180
67 181
67 182
67 184
67 185
67 186
67 188
67 190
67 191
67 192
67 195
67 197
67 198
67 200
67 201
67 203
68 70
68 71
68 72
68 73
68 74
68 75
68 76
68 77
68 78
68 79
68 80
68 81
68 82
68 83
68 84
68 85
68 86
68 87
68 88
68 89
68 90
68 91
68 92
68 93
68 94
68 95
68 96
68 97
68 98
68 99
68 100
68 102
68 103
68 104
68 105
68 106
68 107
68 108
68 109
68 110
68 111
68 112
68 113
68 114
68 115
68 116
68 117
68 118
68 119
68 120
68 121
68 122
68 123
68 124
68 125
68 126
68 127
68 128
68 129
68 130
68 132
68 134
68 135
68 137
68 140
68 141
68 143
68 144
68 145
68 146
68 149
68 151
68 152
68 155
68 160
68 161
68 162
68 163
68 165
68 167
68 169
68 170
68 171
68 172
68 173
68 175
68 176
68 178
68 179
68 180
68 181
68 183
68 185
68 186
68 187
68 188
68 189
68 191
68 193
68 194
68 195
68 196
68 198
68 199
68 200
68 202
68 203
69 71
69 72
69 75
69 77
69 78
69 79
69 80
69 81
69 83
69 85
69 87
69 88
69 89
69 90
69 91
69 92
69 93
69 94
69 95
69 97
69 98
69 101
69 102
69 103
69 104
69 105
69 109
69 111
69 112
69 113
69 115
69 116
69 117
69 119
69 121
69 122
69 123
69 125
69 127
69 129
69 130
69 131
69 132
69 133
69 134
69 135
69 183
70 71
70 72
70 73
70 74
70 75
70 76
70 77
70 78
70 79
70 80
70 81
70 82
70 83
70 84
70 85
70 86
70 87
70 88
70 89
70 90
70 91
70 92
70 93
70 94
70 95
70 96
70 97
70 98
70 99
70 100
70 102
70 103
70 104
70 105
70 106
70 107
70 108
70 109
70 110
70 111
70 112
70 113
70 114
70 115
70 116
70 117
70 118
70 119
70 120
70 121
70 122
70 123
70 124
70 125
70 126
70 127
70 128
70 129
70 130
70 132
70 134
70 136
70 137
70 138
70 140
70 141
70 143
70 144
70 145
70 146
70 147
70 149
70 151
70 152
70 155
70 159
70 160
70 161
70 162
70 163
70 165
70 167
70 169
70 170
70 171
70 172
70 173
70 174
70 175
70 176
70 178
70 179
70 180
70 181
70 183
70 185
70 186
70 187
70 188
70 189
70 191
70 193
70 194
70 195
70 196
70 198
70 199
70 200
70 201
70 202
70 203
71 72
71 73
71 74
71 75
71 76
71 77
71 78
71 79
71 80
71 81
71 82
71 83
71 84
71 85
71 86
71 87
71 88
71 89
71 90
71 91
71 92
71 93
71 94
71 95
71 96
71 97
71 98
71 99
71 100
71 101
71 102
71 103
71 104
71 105
71 106
71 107
71 108
71 109
71 110
71 111
71 112
71 113
71 114
71 115
71 116
71 117
71 118
71 119
71 120
71 121
71 122
71 123
71 124
71 125
71 126
71 127
71 128
71 129
71 130
71 131
71 132
71 133
71 134
71 135
71 149
71 151
71 162
71 163
71 165
71 167
71 169
71 173
71 175
71 176
71 181
71 183
71 187
71 189
71 193
71 194
71 196
71 199
71 200
71 202
72 73
72 74
72 75
72 76
72 77
72 78
72 79
72 80
72 81
72 82
72 83
72 84
72 85
72 86
72 87
72 88
72 89
72 90
72 91
72 92
72 93
72 94
72 95
72 96
72 97
72 98
72 99
72 100
72 102
72 103
72 104
72 105
72 106
72 107
72 108
72 109
72 110
72 111
72 112
72 113
72 114
72 115
72 116
72 117
72 118
72 119
72 120
72 121
72 122
72 123
72 124
72 125
72 126
72 127
72 128
72 129
72 130
72 131
72 132
72 133
72 134
72 135
72 141
72 143
72 145
72 149
72 151
72 162
72 163
72 165
72 167
72 169
72 171
72 173
72 175
72 176
72 181
72 183
72 185
72 186
72 187
72 189
72 193
72 194
72 196
72 199
72 200
72 202
72 203
73 74
73 75
73 76
73 77
73 78
73 79
73 80
73 81
73 82
73 83
73 84
73 85
73 86
73 87
73 88
73 89
73 90
73 91
73 92
73 93
73 94
73 95
73 96
73 97
73 98
73 99
73 100
73 102
73 103
73 104
73 105
73 106
73 107
73 108
73 109
73 110
73 111
73 112
73 113
73 114
73 115
73 116
73 117
73 118
73 119
73 120
73 121
73 122
73 123
73 124
73 125
73 126
73 127
73 128
73 129
73 130
73 132
73 134
73 136
73 137
73 138
73 140
73 141
73 143
73 144
73 145
73 146
73 147
73 149
73 151
73 152
73 155
73 159
73 160
73 161
73 162
73 163
73 165
73 167
73 169
73 170
73 171
73 172
73 173
73 174
73 175
73 176
73 178
73 179
73 180
73 181
73 183
73 185
73 186
73 187
73 188
73 189
73 191
73 193
73 194
73 195
73 196
73 198
73 199
73 200
73 201
73 202
73 203
74 75
74 76
74 77
74 78
74 79
74 80
74 81
74 82
74 83
74 84
74 85
74 86
74 87
74 88
74 89
74 90
74 91
74 92
74 93
74 94
74 95
74 96
74 97
74 98
74 99
74 100
74 102
74 103
74 104
74 105
74 106
74 107
74 108
74 109
74 110
74 111
74 112
74 113
74 114
74 115
74 116
74 117
74 118
74 119
74 120
74 121
74 122
74 123
74 124
74 125
74 126
74 127
74 128
74 129
74 130
74 132
74 134
74 135
74 137
74 140
74 141
74 143
74 144
74 145
74 146
74 149
74 151
74 152
74 155
74 160
74 161
74 162
74 163
74 165
74 167
74 169
74 170
74 171
74 172
74 173
74 175
74 176
74 178
74 179
74 180
74 181
74 183
74 185
74 186
74 187
74 188
74 189
74 191
74 193
74 194
74 195
74 196
74 198
74 199
74 200
74 202
74 203
75 76
75 77
75 78
75 79
75 80
75 81
75 82
75 83
75 84
75 85
75 86
75 87
75 88
75 89
75 90
75 91
75 92
75 93
75 94
75 95
75 96
75 97
75 98
75 99
75 100
75 101
75 102
75 103
75 104
75 105
75 106
75 107
75 108
75 109
75 110
75 111
75 112
75 113
75 114
75 115
75 116
75 117
75 118
75 119
75 120
75 121
75 122
75 123
75 124
75 125
75 126
75 127
75 128
75 129
75 130
75 131
75 132
75 133
75 134
75 135
75 165
75 169
75 173
75 175
75 176
75 181
75 183
75 189
75 193
75 194
75 196
75 199
75 200
75 202
76 77
76 78
76 79
76 80
76 81
76 82
76 83
76 84
76 85
76 86
76 87
76 88
76 89
76 90
76 91
76 92
76 93
76 94
76 95
76 96
76 97
76 98
76 99
76 100
76 102
76 103
76 104
76 105
76 106
76 107
76 108
76 109
76 110
76 111
76 112
76 113
76 114
76 115
76 116
76 117
76 118
76 119
76 120
76 121
76 122
76 123
76 124
76 125
76 126
76 127
76 128
76 129
76 130
76 132
76 134
76 136
76 137
76 140
76 141
76 143
76 144
76 145
76 146
76 147
76 149
76 151
76 152
76 155
76 159
76 160
76 161
76 162
76 163
76 165
76 167
76 169
76 170
76 171
76 172
76 173
76 174
76 175
76 176
76 178
76 179
76 180
76 181
76 183
76 185
76 186
76 187
76 188
76 189
76 191
76 192
76 193
76 194
76 195
76 196
76 198
76 199
76 200
76 201
76 202
76 203
77 78
77 79
77 80
77 81
77 82
77 83
77 84
77 85
77 86
77 87
77 88
77 89
77 90
77 91
77 92
77 93
77 94
77 95
77 96
77 97
77 98
77 99
77 100
77 102
77 103
77 104
77 105
77 106
77 107
77 108
77 109
77 110
77 111
77 112
77 113
77 114
77 115
77 116
77 117
77 118
77 119
77 120
77 121
77 122
77 123
77 124
77 125
77 126
77 127
77 128
77 129
77 130
77 131
77 132
77 133
77 134
77 135
77 141
77 143
77 145
77 149
77 151
77 162
77 163
77 165
77 167
77 169
77 171
77 173
77 175
77 176
77 181
77 183
77 185
77 186
77 187
77 189
77 193
77 194
77 196
77 199
77 200
77 202
77 203
78 79
78 80
78 81
78 82
78 83
78 84
78 85
78 86
78 87
78 88
78 89
78 90
78 91
78 92
78 93
78 94
78 95
78 96
78 97
78 98
78 99
78 100
78 102
78 103
78 104
78 105
78 106
78 107
78 108
78 109
78 110
78 111
78 112
78 113
78 114
78 115
78 116
78 117
78 118
78 119
78 120
78 121
78 122
78 123
78 124
78 125
78 126
78 127
78 128
78 129
78 130
78 132
78 133
78 134
78 135
78 141
78 149
78 151
78 162
78 163
78 165
78 169
78 171
78 173
78 175
78 176
78 181
78 183
78 185
78 186
78 187
78 189
78 193
78 194
78 196
78 199
78 200
78 202
79 80
79 81
79 82
79 83
79 84
79 85
79 86
79 87
79 88
79 89
79 90
79 91
79 92
79 93
79 94
79 95
79 96
79 97
79 98
79 99
79 100
79 101
79 102
79 103
79 104
79 105
79 106
79 107
79 108
79 109
79 110
79 111
79 112
79 113
79 114
79 115
79 116
79 117
79 118
79 119
79 120
79 121
79 122
79 123
79 124
79 125
79 126
79 127
79 128
79 129
79 130
79 131
79 132
79 133
79 134
79 135
79 141
79 145
79 149
79 151
79 162
79 163
79 165
79 167
79 169
79 171
79 173
79 175
79 176
79 181
79 183
79 185
79 186
79 187
79 189
79 193
79 194
79 196
79 199
79 200
79 202
79 203
80 81
80 82
80 83
80 84
80 85
80 86
80 87
80 88
80 89
80 90
80 91
80 92
80 93
80 94
80 95
80 96
80 97
80 98
80 99
80 100
80 102
80 103
80 104
80 105
80 106
80 107
80 108
80 109
80 110
80 111
80 112
80 113
80 114
80 115
80 116
80 117
80 118
80 119
80 120
80 121
80 122
80 123
80 124
80 125
80 126
80 127
80 128
80 129
80 130
80 132
80 133
80 134
80 135
80 141
80 143
80 145
80 149
80 151
80 152
80 162
80 163
80 165
80 167
80 169
80 171
80 173
80 175
80 176
80 179
80 181
80 183
80 185
80 186
80 187
80 189
80 193
80 194
80 196
80 199
80 200
80 202
80 203
81 82
81 83
81 84
81 85
81 86
81 87
81 88
81 89
81 90
81 91
81 92
81 93
81 94
81 95
81 96
81 97
81 98
81 99
81 100
81 102
81 103
81 104
81 105
81 106
81 107
81 108
81 109
81 110
81 111
81 112
81 113
81 114
81 115
81 116
81 117
81 118
81 119
81 120
81 121
81 122
81 123
81 124
81 125
81 126
81 127
81 128
81 129
81 130
81 132
81 133
81 134
81 135
81 137
81 140
81 141
81 143
81 144
81 145
81 149
81 151
81 152
81 155
81 160
81 161
81 162
81 163
81 165
81 167
81 169
81 170
81 171
81 172
81 173
81 175
81 176
81 178
81 179
81 180
81 181
81 183
81 185
81 186
81 187
81 189
81 191
81 193
81 194
81 196
81 198
81 199
81 200
81 202
81 203
82 83
82 84
82 85
82 86
82 87
82 88
82 89
82 90
82 91
82 92
82 93
82 94
82 95
82 96
82 97
82 98
82 99
82 100
82 102
82 103
82 104
82 105
82 106
82 107
82 108
82 109
82 110
82 111
82 112
82 113
82 114
82 115
82 116
82 117
82 118
82 119
82 120
82 121
82 122
82 123
82 124
82 125
82 126
82 127
82 128
82 129
82 130
82 132
82 134
82 136
82 137
82 138
82 140
82 141
82 143
82 144
82 145
82 146
82 147
82 149
82 151
82 152
82 155
82 159
82 160
82 161
82 162
82 163
82 165
82 167
82 169
82 170
82 171
82 172
82 173
82 174
82 175
82 176
82 178
82 179
82 180
82 181
82 183
82 185
82 186
82 187
82 188
82 189
82 191
82 193
82 194
82 195
82 196
82 198
82 199
82 200
82 201
82 202
82 203
83 84
83 85
83 86
83 87
83 88
83 89
83 90
83 91
83 92
83 93
83 94
83 95
83 96
83 97
83 98
83 99
83 100
83 101
83 102
83 103
83 104
83 105
83 106
83 107
83 108
83 109
83 110
83 111
83 112
83 113
83 114
83 115
83 116
83 117
83 118
83 119
83 120
83 121
83 122
83 123
83 124
83 125
83 126
83 127
83 128
83 129
83 130
83 131
83 132
83 133
83 134
83 135
83 149
83 151
83 162
83 163
83 165
83 167
83 169
83 171
83 173
83 175
83 176
83 181
83 183
83 186
83 187
83 189
83 193
83 194
83 196
83 199
83 200
83 202
84 85
84 86
84 87
84 88
84 89
84 90
84 91
84 92
84 93
84 94
84 95
84 96
84 97
84 98
84 99
84 100
84 102
84 103
84 104
84 105
84 106
84 107
84 108
84 109
84 110
84 111
84 112
84 113
84 114
84 115
84 116
84 117
84 118
84 119
84 120
84 121
84 122
84 123
84 124
84 125
84 126
84 127
84 128
84 129
84 130
84 132
84 134
84 137
84 140
84 141
84 143
84 144
84 145
84 146
84 149
84 151
84 152
84 155
84 160
84 161
84 162
84 163
84 165
84 167
84 169
84 170
84 171
84 172
84 173
84 175
84 176
84 178
84 179
84 180
84 181
84 183
84 185
84 186
84 187
84 188
84 189
84 191
84 193
84 194
84 195
84 196
84 198
84 199
84 200
84 202
84 203
85 86
85 87
85 88
85 89
85 90
85 91
85 92
85 93
85 94
85 95
85 96
85 97
85 98
85 99
85 100
85 101
85 102
85 103
85 104
85 105
85 106
85 107
85 108
85 109
85 110
85 111
85 112
85 113
85 114
85 115
85 116
85 117
85 118
85 119
85 120
85 121
85 122
85 123
85 124
85 125
85 126
85 127
85 128
85 129
85 130
85 131
85 132
85 133
85 134
85 135
85 165
85 169
85 173
85 175
85 176
85 183
85 189
85 193
85 196
85 199
85 202
86 87
86 88
86 89
86 90
86 91
86 92
86 93
86 94
86 95
86 96
86 97
86 98
86 99
86 100
86 102
86 103
86 104
86 105
86 106
86 107
86 108
86 109
86 110
86 111
86 112
86 113
86 114
86 115
86 116
86 117
86 118
86 119
86 120
86 121
86 122
86 123
86 124
86 125
86 126
86 127
86 128
86 129
86 130
86 132
86 134
86 136
86 137
86 138
86 140
86 141
86 143
86 144
86 145
86 146
86 147
86 149
86 151
86 152
86 155
86 157
86 159
86 160
86 161
86 162
86 163
86 164
86 165
86 167
86 169
86 170
86 171
86 172
86 173
86 174
86 175
86 176
86 178
86 179
86 180
86 181
86 183
86 185
86 186
86 187
86 188
86 189
86 191
86 192
86 193
86 194
86 195
86 196
86 198
86 199
86 200
86 201
86 202
86 203
87 88
87 89
87 90
87 91
87 92
87 93
87 94
87 95
87 96
87 97
87 98
87 99
87 100
87 101
87 102
87 103
87 104
87 105
87 106
87 107
87 108
87 109
87 110
87 111
87 112
87 113
87 114
87 115
87 116
87 117
87 118
87 119
87 120
87 121
87 122
87 123
87 124
87 125
87 126
87 127
87 128
87 129
87 130
87 131
87 132
87 133
87 134
87 135
87 165
87 173
87 175
87 176
87 183
87 196
87 199
87 202
88 89
88 90
88 91
88 92
88 93
88 94
88 95
88 96
88 97
88 98
88 99
88 100
88 101
88 102
88 103
88 104
88 105
88 106
88 107
88 108
88 109
88 110
88 111
88 112
88 113
88 114
88 115
88 116
88 117
88 118
88 119
88 120
88 121
88 122
88 123
88 124
88 125
88 126
88 127
88 128
88 129
88 130
88 131
88 132
88 133
88 134
88 135
88 149
88 151
88 162
88 163
88 165
88 167
88 169
88 173
88 175
88 176
88 181
88 183
88 187
88 189
88 193
88 194
88 196
88 199
88 200
88 202
89 90
89 91
89 92
89 93
89 94
89 95
89 96
89 97
89 98
89 99
89 100
89 102
89 103
89 104
89 105
89 106
89 107
89 108
89 109
89 110
89 111
89 112
89 113
89 114
89 115
89 116
89 117
89 118
89 119
89 120
89 121
89 122
89 123
89 124
89 125
89 126
89 127
89 128
89 129
89 130
89 131
89 132
89 133
89 134
89 135
89 141
89 149
89 151
89 162
89 163
89 165
89 167
89 169
89 171
89 173
89 175
89 176
89 181
89 183
89 185
89 186
89 187
89 189
89 193
89 194
89 196
89 199
89 200
89 202
89 203
90 91
90 92
90 93
90 94
90 95
90 96
90 97
90 98
90 99
90 100
90 102
90 103
90 104
90 105
90 106
90 107
90 108
90 109
90 110
90 111
90 112
90 113
90 114
90 115
90 116
90 117
90 118
90 119
90 120
90 121
90 122
90 123
90 124
90 125
90 126
90 127
90 128
90 129
90 130
90 132
90 133
90 134
90 135
90 137
90 140
90 141
90 143
90 144
90 145
90 149
90 151
90 152
90 155
90 160
90 161
90 162
90 163
90 165
90 167
90 169
90 170
90 171
90 172
90 173
90 175
90 176
90 178
90 179
90 180
90 181
90 183
90 185
90 186
90 187
90 189
90 191
90 193
90 194
90 196
90 198
90 199
90 200
90 202
90 203
91 92
91 93
91 94
91 95
91 96
91 97
91 98
91 99
91 100
91 102
91 103
91 104
91 105
91 106
91 107
91 108
91 109
91 110
91 111
91 112
91 113
91 114
91 115
91 116
91 117
91 118
91 119
91 120
91 121
91 122
91 123
91 124
91 125
91 126
91 127
91 128
91 129
91 130
91 131
91 132
91 133
91 134
91 135
91 141
91 145
91 149
91 151
91 162
91 163
91 165
91 167
91 169
91 171
91 173
91 175
91 176
91 181
91 183
91 185
91 186
91 187
91 189
91 193
91 194
91 196
91 199
91 200
91 202
91 203
92 93
92 94
92 95
92 96
92 97
92 98
92 99
92 100
92 102
92 103
92 104
92 105
92 106
92 107
92 108
92 109
92 110
92 111
92 112
92 113
92 114
92 115
92 116
92 117
92 118
92 119
92 120
92 121
92 122
92 123
92 124
92 125
92 126
92 127
92 128
92 129
92 130
92 132
92 133
92 134
92 135
92 141
92 149
92 151
92 162
92 163
92 165
92 169
92 171
92 173
92 175
92 176
92 181
92 183
92 186
92 187
92 189
92 193
92 194
92 196
92 199
92 200
92 202
93 94
93 95
93 96
93 97
93 98
93 99
93 100
93 102
93 103
93 104
93 105
93 106
93 107
93 108
93 109
93 110
93 111
93 112
93 113
93 114
93 115
93 116
93 117
93 118
93 119
93 120
93 121
93 122
93 123
93 124
93 125
93 126
93 127
93 128
93 129
93 130
93 131
93 132
93 133
93 134
93 135
93 141
93 145
93 149
93 151
93 162
93 163
93 165
93 167
93 169
93 171
93 173
93 175
93 176
93 181
93 183
93 185
93 186
93 187
93 189
93 193
93 194
93 196
93 199
93 200
93 202
93 203
94 95
94 96
94 97
94 98
94 99
94 100
94 102
94 103
94 104
94 105
94 106
94 107
94 108
94 109
94 110
94 111
94 112
94 113
94 114
94 115
94 116
94 117
94 118
94 119
94 120
94 121
94 122
94 123
94 124
94 125
94 126
94 127
94 128
94 129
94 130
94 131
94 132
94 133
94 134
94 135
94 141
94 149
94 151
94 162
94 163
94 165
94 169
94 171
94 173
94 175
94 176
94 181
94 183
94 186
94 187
94 189
94 193
94 194
94 196
94 199
94 200
94 202
95 96
95 97
95 98
95 99
95 100
95 102
95 103
95 104
95 105
95 106
95 107
95 108
95 109
95 110
95 111
95 112
95 113
95 114
95 115
95 116
95 117
95 118
95 119
95 120
95 121
95 122
95 123
95 124
95 125
95 126
95 127
95 128
95 129
95 130
95 131
95 132
95 133
95 134
95 135
95 141
95 143
95 145
95 149
95 151
95 162
95 163
95 165
95 167
95 169
95 171
95 173
95 175
95 176
95 181
95 183
95 185
95 186
95 187
95 189
95 193
95 194
95 196
95 199
95 200
95 202
95 203
96 97
96 98
96 99
96 100
96 102
96 103
96 104
96 105
96 106
96 107
96 108
96 109
96 110
96 111
96 112
96 113
96 114
96 115
96 116
96 117
96 118
96 119
96 120
96 121
96 122
96 123
96 124
96 125
96 126
96 127
96 128
96 129
96 130
96 132
96 134
96 136
96 137
96 138
96 140
96 141
96 143
96 144
96 145
96 146
96 147
96 149
96 151
96 152
96 155
96 159
96 160
96 161
96 162
96 163
96 165
96 167
96 169
96 170
96 171
96 172
96 173
96 174
96 175
96 176
96 178
96 179
96 180
96 181
96 183
96 185
96 186
96 187
96 188
96 189
96 191
96 193
96 194
96 195
96 196
96 198
96 199
96 200
96 201
96 202
96 203
97 98
97 99
97 100
97 101
97 102
97 103
97 104
97 105
97 106
97 107
97 108
97 109
97 110
97 111
97 112
97 113
97 114
97 115
97 116
97 117
97 118
97 119
97 120
97 121
97 122
97 123
97 124
97 125
97 126
97 127
97 128
97 129
97 130
97 131
97 132
97 133
97 134
97 135
97 165
97 169
97 173
97 175
97 176
97 183
97 189
97 193
97 194
97 196
97 199
97 202
98 99
98 100
98 101
98 102
98 103
98 104
98 105
98 106
98 107
98 108
98 109
98 110
98 111
98 112
98 113
98 114
98 115
98 116
98 117
98 118
98 119
98 120
98 121
98 122
98 123
98 124
98 125
98 126
98 127
98 128
98 129
98 130
98 131
98 132
98 133
98 134
98 135
98 165
98 173
98 175
98 176
98 183
98 196
98 199
98 202
99 100
99 102
99 103
99 104
99 105
99 106
99 107
99 108
99 109
99 110
99 111
99 112
99 113
99 114
99 115
99 116
99 117
99 118
99 119
99 120
99 121
99 122
99 123
99 124
99 125
99 126
99 127
99 128
99 129
99 130
99 132
99 134
99 136
99 137
99 140
99 141
99 143
99 144
99 145
99 146
99 147
99 149
99 151
99 152
99 155
99 159
99 160
99 161
99 162
99 163
99 164
99 165
99 167
99 169
99 170
99 171
99 172
99 173
99 174
99 175
99 176
99 178
99 179
99 180
99 181
99 183
99 185
99 186
99 187
99 188
99 189
99 191
99 192
99 193
99 194
99 195
99 196
99 198
99 199
99 200
99 201
99 202
99 203
100 102
100 103
100 104
100 105
100 106
100 107
100 108
100 109
100 110
100 111
100 112
100 113
100 114
100 116
100 117
100 118
100 119
100 120
100 121
100 122
100 123
100 124
100 125
100 126
100 127
100 128
100 129
100 130
100 132
100 134
100 136
100 137
100 138
100 140
100 141
100 143
100 144
100 145
100 146
100 147
100 149
100 150
100 151
100 152
100 154
100 155
100 157
100 159
100 160
100 161
100 162
100 163
100 164
100 165
100 167
100 169
100 170
100 171
100 172
100 173
100 174
100 175
100 176
100 178
100 179
100 180
100 181
100 182
100 183
100 185
100 186
100 187
100 188
100 189
100 191
100 192
100 193
100 194
100 195
100 196
100 197
100 198
100 199
100 200
100 201
100 202
100 203
101 102
101 103
101 105
101 109
101 111
101 112
101 115
101 119
101 121
101 122
101 123
101 125
101 127
101 129
101 131
101 132
101 133
101 135
102 103
102 104
102 105
102 106
102 107
102 108
102 109
102 110
102 111
102 112
102 113
102 114
102 115
102 116
102 117
102 118
102 119
102 120
102 121
102 122
102 123
102 124
102 125
102 126
102 127
102 128
102 129
102 130
102 131
102 132
102 133
102 134
102 135
102 165
102 169
102 173
102 175
102 176
102 183
102 189
102 193
102 194
102 196
102 199
102 202
103 104
103 105
103 106
103 107
103 108
103 109
103 110
103 111
103 112
103 113
103 114
103 115
103 116
103 117
103 118
103 119
103 120
103 121
103 122
103 123
103 124
103 125
103 126
103 127
103 128
103 129
103 130
103 131
103 132
103 133
103 134
103 135
103 165
103 169
103 173
103 175
103 176
103 183
103 189
103 193
103 194
103 196
103 199
103 200
103 202
104 105
104 106
104 107
104 108
104 109
104 110
104 111
104 112
104 113
104 114
104 115
104 116
104 117
104 118
104 119
104 120
104 121
104 122
104 123
104 124
104 125
104 126
104 127
104 128
104 129
104 130
104 132
104 133
104 134
104 135
104 141
104 143
104 145
104 149
104 151
104 162
104 163
104 165
104 167
104 169
104 171
104 173
104 175
104 176
104 179
104 181
104 183
104 185
104 186
104 187
104 189
104 193
104 194
104 196
104 198
104 199
104 200
104 202
104 203
105 106
105 107
105 108
105 109
105 110
105 111
105 112
105 113
105 114
105 115
105 116
105 117
105 118
105 119
105 120
105 121
105 122
105 123
105 124
105 125
105 126
105 127
105 128
105 129
105 130
105 131
105 132
105 133
105 134
105 135
105 165
105 169
105 173
105 175
105 176
105 183
105 189
105 193
105 194
105 196
105 199
105 200
105 202
106 107
106 108
106 109
106 110
106 111
106 112
106 113
106 114
106 115
106 116
106 117
106 118
106 119
106 120
106 121
106 122
106 123
106 124
106 125
106 126
106 127
106 128
106 129
106 130
106 132
106 134
106 136
106 137
106 138
106 140
106 141
106 143
106 144
106 145
106 146
106 147
106 149
106 150
106 151
106 152
106 155
106 157
106 159
106 160
106 161
106 162
106 163
106 164
106 165
106 167
106 169
106 170
106 171
106 172
106 173
106 174
106 175
106 176
106 178
106 179
106 180
106 181
106 183
106 185
106 186
106 187
106 188
106 189
106 191
106 192
106 193
106 194
106 195
106 196
106 198
106 199
106 200
106 201
106 202
106 203
107 108
107 109
107 110
107 111
107 112
107 113
107 114
107 115
107 116
107 117
107 118
107 119
107 120
107 121
107 122
107 123
107 124
107 125
107 126
107 127
107 128
107 129
107 130
107 132
107 134
107 136
107 137
107 138
107 140
107 141
107 143
107 144
107 145
107 146
107 147
107 149
107 150
107 151
107 152
107 154
107 155
107 157
107 159
107 160
107 161
107 162
107 163
107 164
107 165
107 167
107 169
107 170
107 171
107 172
107 173
107 174
107 175
107 176
107 178
107 179
107 180
107 181
107 182
107 183
107 185
107 186
107 187
107 188
107 189
107 191
107 192
107 193
107 194
107 195
107 196
107 198
107 199
107 200
107 201
107 202
107 203
108 109
108 110
108 111
108 112
108 113
108 114
108 116
108 117
108 118
108 119
108 120
108 121
108 122
108 123
108 124
108 125
108 126
108 127
108 128
108 129
108 130
108 132
108 134
108 136
108 137
108 138
108 140
108 141
108 143
108 144
108 145
108 146
108 147
108 149
108 150
108 151
108 152
108 155
108 157
108 159
108 160
108 161
108 162
108 163
108 164
108 165
108 167
108 169
108 170
108 171
108 172
108 173
108 174
108 175
108 176
108 178
108 179
108 180
108 181
108 183
108 185
108 186
108 187
108 188
108 189
108 191
108 192
108 193
108 194
108 195
108 196
108 198
108 199
108 200
108 201
108 202
108 203
109 110
109 111
109 112
109 113
109 114
109 115
109 116
109 117
109 118
109 119
109 120
109 121
109 122
109 123
109 124
109 125
109 126
109 127
109 128
109 129
109 130
109 131
109 132
109 133
109 134
109 135
109 173
109 176
109 183
109 202
110 111
110 112
110 113
110 114
110 115
110 116
110 117
110 118
110 119
110 120
110 121
110 122
110 123
110 124
110 125
110 126
110 127
110 128
110 129
110 130
110 132
110 134
110 136
110 137
110 140
110 141
110 143
110 144
110 145
110 146
110 147
110 149
110 151
110 152
110 155
110 159
110 160
110 161
110 162
110 163
110 165
110 167
110 169
110 170
110 171
110 172
110 173
110 174
110 175
110 176
110 178
110 179
110 180
110 181
110 183
110 185
110 186
110 187
110 188
110 189
110 191
110 193
110 194
110 195
110 196
110 198
110 199
110 200
110 201
110 202
110 203
111 112
111 113
111 114
111 115
111 116
111 117
111 118
111 119
111 120
111 121
111 122
111 123
111 124
111 125
111 126
111 127
111 128
111 129
111 130
111 131
111 132
111 133
111 134
111 135
111 141
111 145
111 149
111 151
111 162
111 163
111 165
111 167
111 169
111 171
111 173
111 175
111 176
111 181
111 183
111 185
111 186
111 187
111 189
111 193
111 194
111 196
111 199
111 200
111 202
111 203
112 113
112 114
112 115
112 116
112 117
112 118
112 119
112 120
112 121
112 122
112 123
112 124
112 125
112 126
112 127
112 128
112 129
112 130
112 131
112 132
112 133
112 134
112 135
112 165
112 173
112 175
112 176
112 183
112 196
112 199
112 202
113 114
113 115
113 116
113 117
113 118
113 119
113 120
113 121
113 122
113 123
113 124
113 125
113 126
113 127
113 128
113 129
113 130
113 131
113 132
113 133
113 134
113 135
113 149
113 151
113 163
113 165
113 169
113 171
113 173
113 175
113 176
113 181
113 183
113 186
113 187
113 189
113 193
113 194
113 196
113 199
113 200
113 202
114 115
114 116
114 117
114 118
114 119
114 120
114 121
114 122
114 123
114 124
114 125
114 126
114 127
114 128
114 129
114 130
114 132
114 134
114 136
114 137
114 138
114 140
114 141
114 143
114 144
114 145
114 146
114 147
114 149
114 151
114 152
114 155
114 159
114 160
114 161
114 162
114 163
114 165
114 167
114 169
114 170
114 171
114 172
114 173
114 174
114 175
114 176
114 178
114 179
114 180
114 181
114 183
114 185
114 186
114 187
114 188
114 189
114 191
114 193
114 194
114 195
114 196
114 198
114 199
114 200
114 201
114 202
114 203
115 116
115 117
115 118
115 119
115 120
115 121
115 122
115 123
115 124
115 125
115 126
115 127
115 128
115 129
115 130
115 131
115 132
115 133
115 134
115 135
115 173
115 176
115 183
115 202
116 117
116 118
116 119
116 120
116 121
116 122
116 123
116 124
116 125
116 126
116 127
116 128
116 129
116 130
116 132
116 133
116 134
116 135
116 141
116 143
116 145
116 149
116 151
116 152
116 160
116 161
116 162
116 163
116 165
116 167
116 169
116 171
116 173
116 175
116 176
116 179
116 180
116 181
116 183
116 185
116 186
116 187
116 189
116 191
116 193
116 194
116 196
116 198
116 199
116 200
116 202
116 203
117 118
117 119
117 120
117 121
117 122
117 123
117 124
117 125
117 126
117 127
117 128
117 129
117 130
117 131
117 132
117 133
117 134
117 135
117 141
117 145
117 149
117 151
117 162
117 163
117 165
117 167
117 169
117 171
117 173
117 175
117 176
117 181
117 183
117 185
117 186
117 187
117 189
117 193
117 194
117 196
117 199
117 200
117 202
117 203
118 119
118 120
118 121
118 122
118 123
118 124
118 125
118 126
118 127
118 128
118 129
118 130
118 132
118 134
118 136
118 137
118 138
118 140
118 141
118 143
118 144
118 145
118 146
118 147
118 149
118 151
118 152
118 155
118 159
118 160
118 161
118 162
118 163
118 165
118 167
118 169
118 170
118 171
118 172
118 173
118 174
118 175
118 176
118 178
118 179
118 180
118 181
118 183
118 185
118 186
118 187
118 188
118 189
118 191
118 193
118 194
118 195
118 196
118 198
118 199
118 200
118 201
118 202
118 203
119 120
119 121
119 122
119 123
119 124
119 125
119 126
119 127
119 128
119 129
119 130
119 131
119 132
119 133
119 134
119 135
119 165
119 169
119 173
119 175
119 176
119 183
119 189
119 193
119 194
119 196
119 199
119 202
120 121
120 122
120 123
120 124
120 125
120 126
120 127
120 128
120 129
120 130
120 132
120 134
120 136
120 137
120 138
120 140
120 141
120 143
120 144
120 145
120 146
120 147
120 149
120 151
120 152
120 155
120 159
120 160
120 161
120 162
120 163
120 165
120 167
120 169
120 170
120 171
120 172
120 173
120 174
120 175
120 176
120 178
120 179
120 180
120 181
120 183
120 185
120 186
120 187
120 188
120 189
120 191
120 193
120 194
120 195
120 196
120 198
120 199
120 200
120 201
120 202
120 203
121 122
121 123
121 124
121 125
121 126
121 127
121 128
121 129
121 130
121 131
121 132
121 133
121 134
121 135
121 173
121 176
121 183
121 202
122 123
122 124
122 125
122 126
122 127
122 128
122 129
122 130
122 131
122 132
122 133
122 134
122 135
122 149
122 151
122 162
122 163
122 165
122 169
122 171
122 173
122 175
122 176
122 181
122 183
122 186
122 187
122 189
122 193
122 194
122 196
122 199
122 200
122 202
123 124
123 125
123 126
123 127
123 128
123 129
123 130
123 131
123 132
123 133
123 134
123 135
123 165
123 169
123 173
123 175
123 176
123 183
123 189
123 193
123 196
123 199
123 200
123 202
124 125
124 126
124 127
124 128
124 129
124 130
124 132
124 134
124 136
124 137
124 138
124 140
124 141
124 143
124 144
124 145
124 146
124 147
124 149
124 150
124 151
124 152
124 155
124 157
124 159
124 160
124 161
124 162
124 163
124 164
124 165
124 167
124 169
124 170
124 171
124 172
124 173
124 174
124 175
124 176
124 178
124 179
124 180
124 181
124 183
124 185
124 186
124 187
124 188
124 189
124 191
124 192
124 193
124 194
124 195
124 196
124 198
124 199
124 200
124 201
124 202
124 203
125 126
125 127
125 128
125 129
125 130
125 131
125 132
125 133
125 134
125 135
125 165
125 169
125 173
125 175
125 176
125 183
125 189
125 193
125 196
125 199
125 200
125 202
126 127
126 128
126 129
126 130
126 132
126 134
126 136
126 137
126 138
126 140
126 141
126 143
126 144
126 145
126 146
126 147
126 149
126 150
126 151
126 152
126 154
126 155
126 157
126 159
126 160
126 161
126 162
126 163
126 164
126 165
126 167
126 169
126 170
126 171
126 172
126 173
126 174
126 175
126 176
126 178
126 179
126 180
126 181
126 183
126 185
126 186
126 187
126 188
126 189
126 191
126 192
126 193
126 194
126 195
126 196
126 198
126 199
126 200
126 201
126 202
126 203
127 128
127 129
127 130
127 131
127 132
127 133
127 134
127 135
127 173
127 176
127 183
127 196
127 199
127 202
128 129
128 130
128 132
128 134
128 136
128 137
128 138
128 140
128 141
128 143
128 144
128 145
128 146
128 147
128 149
128 150
128 151
128 152
128 154
128 155
128 157
128 159
128 160
128 161
128 162
128 163
128 164
128 165
128 167
128 169
128 170
128 171
128 172
128 173
128 174
128 175
128 176
128 178
128 179
128 180
128 181
128 183
128 185
128 186
128 187
128 188
128 189
128 191
128 192
128 193
128 194
128 195
128 196
128 198
128 199
128 200
128 201
128 202
128 203
129 130
129 131
129 132
129 133
129 134
129 135
129 165
129 173
129 175
129 176
129 183
129 196
129 199
129 202
130 132
130 133
130 134
130 135
130 141
130 143
130 145
130 149
130 151
130 152
130 162
130 163
130 165
130 167
130 169
130 171
130 173
130 175
130 176
130 179
130 181
130 183
130 185
130 186
130 187
130 189
130 193
130 194
130 196
130 199
130 200
130 202
130 203
131 132
131 133
131 135
132 133
132 134
132 135
132 165
132 169
132 173
132 175
132 176
132 183
132 189
132 193
132 194
132 196
132 199
132 200
132 202
133 134
133 135
133 183
134 135
134 141
134 143
134 145
134 149
134 151
134 152
134 161
134 162
134 163
134 165
134 167
134 169
134 171
134 173
134 175
134 176
134 179
134 181
134 183
134 185
134 186
134 187
134 189
134 191
134 193
134 194
134 196
134 199
134 200
134 202
134 203
135 183
136 137
136 138
136 139
136 140
136 141
136 142
136 143
136 144
136 145
136 146
136 147
136 148
136 149
136 150
136 151
136 152
136 153
136 154
136 155
136 156
136 157
136 158
136 159
136 160
136 161
136 162
136 163
136 164
136 165
136 166
136 167
136 168
136 169
136 170
136 171
136 172
136 174
136 175
136 176
136 177
136 178
136 179
136 180
136 181
136 182
136 184
136 185
136 186
136 187
136 188
136 189
136 190
136 191
136 192
136 193
136 194
136 195
136 196
136 197
136 198
136 199
136 200
136 201
136 202
136 203
137 138
137 139
137 140
137 141
137 142
137 143
137 144
137 145
137 146
137 147
137 148
137 149
137 150
137 151
137 152
137 153
137 154
137 155
137 156
137 157
137 158
137 159
137 160
137 161
137 162
137 163
137 164
137 165
137 166
137 167
137 168
137 169
137 170
137 171
137 172
137 173
137 174
137 175
137 176
137 177
137 178
137 179
137 180
137 181
137 182
137 183
137 184
137 185
137 186
137 187
137 188
137 189
137 190
137 191
137 192
137 193
137 194
137 195
137 196
137 197
137 198
137 199
137 200
137 201
137 202
137 203
138 139
138 140
138 141
138 142
138 143
138 144
138 145
138 146
138 147
138 148
138 149
138 150
138 151
138 152
138 153
138 154
138 155
138 156
138 157
138 158
138 159
138 160
138 161
138 162
138 163
138 164
138 165
138 166
138 167
138 168
138 169
138 170
138 171
138 172
138 173
138 174
138 175
138 176
138 177
138 178
138 179
138 180
138 181
138 182
138 184
138 185
138 186
138 187
138 188
138 189
138 190
138 191
138 192
138 193
138 194
138 195
138 196
138 197
138 198
138 199
138 200
138 201
138 202
138 203
139 140
139 141
139 142
139 143
139 144
139 145
139 146
139 147
139 148
139 149
139 150
139 151
139 152
139 153
139 154
139 155
139 156
139 157
139 158
139 159
139 160
139 161
139 162
139 163
139 164
139 165
139 166
139 167
139 168
139 169
139 170
139 171
139 172
139 174
139 177
139 178
139 179
139 180
139 181
139 182
139 184
139 185
139 186
139 187
139 188
139 189
139 190
139 191
139 192
139 193
139 194
139 195
139 197
139 198
139 200
139 201
139 203
140 141
140 143
140 144
140 145
140 146
140 147
140 148
140 149
140 150
140 151
140 152
140 153
140 154
140 155
140 157
140 158
140 159
140 160
140 161
140 162
140 163
140 164
140 165
140 166
140 167
140 168
140 169
140 170
140 171
140 172
140 173
140 174
140 175
140 176
140 177
140 178
140 179
140 180
140 181
140 182
140 183
140 184
140 185
140 186
140 187
140 188
140 189
140 190
140 191
140 192
140 193
140 194
140 195
140 196
140 197
140 198
140 199
140 200
140 201
140 202
140 203
141 143
141 144
141 145
141 146
141 147
141 148
141 149
141 150
141 151
141 152
141 154
141 155
141 156
141 157
141 158
141 159
141 160
141 161
141 162
141 163
141 164
141 165
141 166
141 167
141 168
141 169
141 170
141 171
141 172
141 173
141 174
141 175
141 176
141 177
141 178
141 179
141 180
141 181
141 182
141 183
141 184
141 185
141 186
141 187
141 188
141 189
141 190
141 191
141 192
141 193
141 194
141 195
141 196
141 197
141 198
141 199
141 200
141 201
141 202
141 203
142 144
142 146
142 147
142 148
142 150
142 153
142 154
142 155
142 156
142 157
142 158
142 159
142 160
142 164
142 166
142 168
142 170
142 172
142 174
142 177
142 178
142 179
142 180
142 182
142 184
142 188
142 190
142 192
142 195
142 197
142 198
142 201
143 144
143 145
143 146
143 147
143 148
143 149
143 150
143 151
143 152
143 153
143 154
143 155
143 156
143 157
143 158
143 159
143 160
143 161
143 162
143 163
143 164
143 165
143 166
143 167
143 168
143 169
143 170
143 171
143 172
143 173
143 174
143 175
143 176
143 177
143 178
143 179
143 180
143 181
143 182
143 183
143 184
143 185
143 186
143 187
143 188
143 189
143 190
143 191
143 192
143 193
143 194
143 195
143 196
143 197
143 198
143 199
143 200
143 201
143 202
143 203
144 145
144 146
144 147
144 148
144 149
144 150
144 151
144 152
144 153
144 154
144 155
144 156
144 157
144 158
144 159
144 160
144 161
144 162
144 163
144 164
144 165
144 166
144 167
144 168
144 169
144 170
144 171
144 172
144 173
144 174
144 175
144 176
144 177
144 178
144 179
144 180
144 181
144 182
144 183
144 184
144 185
144 186
144 187
144 188
144 189
144 190
144 191
144 192
144 193
144 194
144 195
144 196
144 197
144 198
144 199
144 200
144 201
144 202
144 203
145 146
145 147
145 148
145 149
145 150
145 151
145 152
145 153
145 154
145 155
145 157
145 158
145 159
145 160
145 161
145 162
145 163
145 164
145 165
145 166
145 167
145 168
145 169
145 170
145 171
145 172
145 173
145 174
145 175
145 176
145 177
145 178
145 179
145 180
145 181
145 182
145 183
145 184
145 185
145 186
145 187
145 188
145 189
145 190
145 191
145 192
145 193
145 194
145 195
145 196
145 197
145 198
145 199
145 200
145 201
145 202
145 203
146 147
146 148
146 149
146 150
146 151
146 152
146 153
146 154
146 155
146 156
146 157
146 158
146 159
146 160
146 161
146 162
146 163
146 164
146 165
146 166
146 167
146 168
146 169
146 170
146 171
146 172
146 173
146 174
146 175
146 176
146 177
146 178
146 179
146 180
146 181
146 182
146 184
146 185
146 186
146 187
146 188
146 189
146 190
146 191
146 192
146 193
146 194
146 195
146 196
146 197
146 198
146 199
146 200
146 201
146 202
146 203
147 148
147 149
147 150
147 151
147 152
147 153
147 154
147 155
147 156
147 157
147 158
147 159
147 160
147 161
147 162
147 163
147 164
147 165
147 166
147 167
147 168
147 169
147 170
147 171
147 172
147 173
147 174
147 175
147 176
147 177
147 178
147 179
147 180
147 181
147 182
147 183
147 184
147 185
147 186
147 187
147 188
147 189
147 190
147 191
147 192
147 193
147 194
147 195
147 196
147 197
147 198
147 199
147 200
147 201
147 202
147 203
148 149
148 150
148 151
148 152
148 153
148 154
148 155
148 156
148 157
148 158
148 159
148 160
148 161
148 162
148 163
148 164
148 166
148 167
148 168
148 169
148 170
148 171
148 172
148 174
148 177
148 178
148 179
148 180
148 181
148 182
148 184
148 185
148 186
148 187
148 188
148 189
148 190
148 191
148 192
148 193
148 194
148 195
148 197
148 198
148 200
148 201
148 203
149 150
149 151
149 152
149 154
149 155
149 157
149 158
149 159
149 160
149 161
149 162
149 163
149 164
149 165
149 166
149 167
149 168
149 169
149 170
149 171
149 172
149 173
149 174
149 175
149 176
149 177
149 178
149 179
149 180
149 181
149 182
149 183
149 184
149 185
149 186
149 187
149 188
149 189
149 190
149 191
149 192
149 193
149 194
149 195
149 196
149 197
149 198
149 199
149 200
149 201
149 202
149 203
150 151
150 152
150 153
150 154
150 155
150 156
150 157
150 158
150 159
150 160
150 161
150 162
150 163
150 164
150 165
150 166
150 167
150 168
150 169
150 170
150 171
150 172
150 174
150 175
150 177
150 178
150 179
150 180
150 181
150 182
150 184
150 185
150 186
150 187
150 188
150 189
150 190
150 191
150 192
150 193
150 194
150 195
150 196
150 197
150 198
150 200
150 201
150 203
151 152
151 154
151 155
151 157
151 158
151 159
151 160
151 161
151 162
151 163
151 164
151 165
151 166
151 167
151 168
151 169
151 170
151 171
151 172
151 173
151 174
151 175
151 176
151 177
151 178
151 179
151 180
151 181
151 182
151 183
151 184
151 185
151 186
151 187
151 188
151 189
151 190
151 191
151 192
151 193
151 194
151 195
151 196
151 197
151 198
151 199
151 200
151 201
151 202
151 203
152 153
152 154
152 155
152 156
152 157
152 158
152 159
152 160
152 161
152 162
152 163
152 164
152 165
152 166
152 167
152 168
152 169
152 170
152 171
152 172
152 173
152 174
152 175
152 176
152 177
152 178
152 179
152 180
152 181
152 182
152 183
152 184
152 185
152 186
152 187
152 188
152 189
152 190
152 191
152 192
152 193
152 194
152 195
152 196
152 197
152 198
152 199
152 200
152 201
152 202
152 203
153 154
153 155
153 156
153 157
153 158
153 159
153 160
153 161
153 164
153 166
153 168
153 170
153 172
153 174
153 177
153 178
153 180
153 182
153 184
153 188
153 190
153 191
153 192
153 195
153 197
153 198
153 201
153 203
154 155
154 156
154 157
154 158
154 159
154 160
154 161
154 162
154 163
154 164
154 165
154 166
154 167
154 168
154 169
154 170
154 171
154 172
154 174
154 175
154 177
154 178
154 179
154 180
154 181
154 182
154 184
154 185
154 186
154 187
154 188
154 189
154 190
154 191
154 192
154 193
154 194
154 195
154 196
154 197
154 198
154 200
154 201
154 203
155 156
155 157
155 158
155 159
155 160
155 161
155 162
155 163
155 164
155 165
155 166
155 167
155 168
155 169
155 170
155 171
155 172
155 173
155 174
155 175
155 176
155 177
155 178
155 179
155 180
155 181
155 182
155 183
155 184
155 185
155 186
155 187
155 188
155 189
155 190
155 191
155 192
155 193
155 194
155 195
155 196
155 197
155 198
155 199
155 200
155 201
155 202
155 203
156 157
156 158
156 159
156 160
156 161
156 164
156 166
156 168
156 170
156 171
156 172
156 174
156 177
156 178
156 179
156 180
156 182
156 184
156 185
156 188
156 190
156 192
156 195
156 197
156 198
156 201
156 203
157 158
157 159
157 160
157 161
157 162
157 163
157 164
157 165
157 166
157 167
157 168
157 169
157 170
157 171
157 172
157 174
157 175
157 177
157 178
157 179
157 180
157 181
157 182
157 184
157 185
157 186
157 187
157 188
157 189
157 190
157 191
157 192
157 193
157 194
157 195
157 196
157 197
157 198
157 199
157 200
157 201
157 203
158 159
158 160
158 161
158 162
158 163
158 164
158 166
158 167
158 168
158 169
158 170
158 171
158 172
158 174
158 177
158 178
158 179
158 180
158 181
158 182
158 184
158 185
158 186
158 187
158 188
158 189
158 190
158 191
158 192
158 193
158 194
158 195
158 197
158 198
158 200
158 201
158 203
159 160
159 161
159 162
159 163
159 164
159 165
159 166
159 167
159 168
159 169
159 170
159 171
159 172
159 173
159 174
159 175
159 176
159 177
159 178
159 179
159 180
159 181
159 182
159 184
159 185
159 186
159 187
159 188
159 189
159 190
159 191
159 192
159 193
159 194
159 195
159 196
159 197
159 198
159 199
159 200
159 201
159 202
159 203
160 161
160 162
160 163
160 164
160 165
160 166
160 167
160 168
160 169
160 170
160 171
160 172
160 173
160 174
160 175
160 176
160 177
160 178
160 179
160 180
160 181
160 182
160 183
160 184
160 185
160 186
160 187
160 188
160 189
160 190
160 191
160 192
160 193
160 194
160 195
160 196
160 197
160 198
160 199
160 200
160 201
160 202
160 203
161 162
161 163
161 164
161 165
161 166
161 167
161 168
161 169
161 170
161 171
161 172
161 173
161 174
161 175
161 176
161 177
161 178
161 179
161 180
161 181
161 182
161 183
161 184
161 185
161 186
161 187
161 188
161 189
161 190
161 191
161 192
161 193
161 194
161 195
161 196
161 197
161 198
161 199
161 200
161 201
161 202
161 203
162 163
162 164
162 165
162 166
162 167
162 168
162 169
162 170
162 171
162 172
162 173
162 174
162 175
162 176
162 177
162 178
162 179
162 180
162 181
162 182
162 183
162 184
162 185
162 186
162 187
162 188
162 189
162 190
162 191
162 192
162 193
162 194
162 195
162 196
162 197
162 198
162 199
162 200
162 201
162 202
162 203
163 164
163 165
163 166
163 167
163 168
163 169
163 170
163 171
163 172
163 173
163 174
163 175
163 176
163 177
163 178
163 179
163 180
163 181
163 182
163 183
163 184
163 185
163 186
163 187
163 188
163 189
163 190
163 191
163 192
163 193
163 194
163 195
163 196
163 197
163 198
163 199
163 200
163 201
163 202
163 203
164 165
164 166
164 167
164 168
164 169
164 170
164 171
164 172
164 174
164 175
164 177
164 178
164 179
164 180
164 181
164 182
164 184
164 185
164 186
164 187
164 188
164 189
164 190
164 191
164 192
164 193
164 194
164 195
164 196
164 197
164 198
164 199
164 200
164 201
164 203
165 167
165 169
165 170
165 171
165 172
165 173
165 174
165 175
165 176
165 178
165 179
165 180
165 181
165 182
165 183
165 184
165 185
165 186
165 187
165 188
165 189
165 191
165 192
165 193
165 194
165 195
165 196
165 197
165 198
165 199
165 200
165 201
165 202
165 203
166 168
166 170
166 171
166 172
166 174
166 177
166 178
166 179
166 180
166 181
166 182
166 184
166 185
166 186
166 187
166 188
166 190
166 191
166 192
166 193
166 194
166 195
166 197
166 198
166 200
166 201
166 203
167 168
167 169
167 170
167 171
167 172
167 173
167 174
167 175
167 176
167 177
167 178
167 179
167 180
167 181
167 182
167 183
167 184
167 185
167 186
167 187
167 188
167 189
167 190
167 191
167 192
167 193
167 194
167 195
167 196
167 197
167 198
167 199
167 200
167 201
167 202
167 203
168 169
168 170
168 171
168 172
168 174
168 177
168 178
168 179
168 180
168 181
168 182
168 184
168 185
168 186
168 187
168 188
168 189
168 190
168 191
168 192
168 193
168 194
168 195
168 197
168 198
168 200
168 201
168 203
169 170
169 171
169 172
169 173
169 174
169 175
169 176
169 177
169 178
169 179
169 180
169 181
169 182
169 183
169 184
169 185
169 186
169 187
169 188
169 189
169 190
169 191
169 192
169 193
169 194
169 195
169 196
169 197
169 198
169 199
169 200
169 201
169 202
169 203
170 171
170 172
170 173
170 174
170 175
170 176
170 177
170 178
170 179
170 180
170 181
170 182
170 183
170 184
170 185
170 186
170 187
170 188
170 189
170 190
170 191
170 192
170 193
170 194
170 195
170 196
170 197
170 198
170 199
170 200
170 201
170 202
170 203
171 172
171 173
171 174
171 175
171 176
171 177
171 178
171 179
171 180
171 181
171 182
171 183
171 184
171 185
171 186
171 187
171 188
171 189
171 190
171 191
171 192
171 193
171 194
171 195
171 196
171 197
171 198
171 199
171 200
171 201
171 202
171 203
172 173
172 174
172 175
172 176
172 177
172 178
172 179
172 180
172 181
172 182
172 183
172 184
172 185
172 186
172 187
172 188
172 189
172 190
172 191
172 192
172 193
172 194
172 195
172 196
172 197
172 198
172 199
172 200
172 201
172 202
172 203
173 175
173 176
173 178
173 179
173 180
173 181
173 183
173 185
173 186
173 187
173 188
173 189
173 191
173 193
173 194
173 195
173 196
173 198
173 199
173 200
173 201
173 202
173 203
174 175
174 176
174 177
174 178
174 179
174 180
174 181
174 182
174 184
174 185
174 186
174 187
174 188
174 189
174 190
174 191
174 192
174 193
174 194
174 195
174 196
174 197
174 198
174 199
174 200
174 201
174 202
174 203
175 176
175 178
175 179
175 180
175 181
175 182
175 183
175 184
175 185
175 186
175 187
175 188
175 189
175 191
175 192
175 193
175 194
175 195
175 196
175 197
175 198
175 199
175 200
175 201
175 202
175 203
176 178
176 179
176 180
176 181
176 183
176 185
176 186
176 187
176 188
176 189
176 191
176 193
176 194
176 195
176 196
176 198
176 199
176 200
176 201
176 202
176 203
177 178
177 179
177 180
177 181
177 182
177 184
177 185
177 186
177 187
177 188
177 189
177 190
177 191
177 192
177 193
177 194
177 195
177 197
177 198
177 200
177 201
177 203
178 179
178 180
178 181
178 182
178 183
178 184
178 185
178 186
178 187
178 188
178 189
178 190
178 191
178 192
178 193
178 194
178 195
178 196
178 197
178 198
178 199
178 200
178 201
178 202
178 203
179 180
179 181
179 182
179 183
179 184
179 185
179 186
179 187
179 188
179 189
179 190
179 191
179 192
179 193
179 194
179 195
179 196
179 197
179 198
179 199
179 200
179 201
179 202
179 203
180 181
180 182
180 183
180 184
180 185
180 186
180 187
180 188
180 189
180 190
180 191
180 192
180 193
180 194
180 195
180 196
180 197
180 198
180 199
180 200
180 201
180 202
180 203
181 182
181 183
181 184
181 185
181 186
181 187
181 188
181 189
181 190
181 191
181 192
181 193
181 194
181 195
181 196
181 197
181 198
181 199
181 200
181 201
181 202
181 203
182 184
182 185
182 186
182 187
182 188
182 189
182 190
182 191
182 192
182 193
182 194
182 195
182 196
182 197
182 198
182 199
182 200
182 201
182 203
183 185
183 186
183 187
183 189
183 191
183 193
183 194
183 195
183 196
183 198
183 199
183 200
183 202
183 203
184 185
184 186
184 187
184 188
184 189
184 190
184 191
184 192
184 193
184 194
184 195
184 197
184 198
184 200
184 201
184 203
185 186
185 187
185 188
185 189
185 190
185 191
185 192
185 193
185 194
185 195
185 196
185 197
185 198
185 199
185 200
185 201
185 202
185 203
186 187
186 188
186 189
186 190
186 191
186 192
186 193
186 194
186 195
186 196
186 197
186 198
186 199
186 200
186 201
186 202
186 203
187 188
187 189
187 190
187 191
187 192
187 193
187 194
187 195
187 196
187 197
187 198
187 199
187 200
187 201
187 202
187 203
188 189
188 190
188 191
188 192
188 193
188 194
188 195
188 196
188 197
188 198
188 199
188 200
188 201
188 202
188 203
189 190
189 191
189 192
189 193
189 194
189 195
189 196
189 197
189 198
189 199
189 200
189 201
189 202
189 203
190 191
190 192
190 193
190 194
190 195
190 197
190 198
190 200
190 201
190 203
191 192
191 193
191 194
191 195
191 196
191 197
191 198
191 199
191 200
191 201
191 202
191 203
192 193
192 194
192 195
192 196
192 197
192 198
192 200
192 201
192 203
193 194
193 195
193 196
193 197
193 198
193 199
193 200
193 201
193 202
193 203
194 195
194 196
194 197
194 198
194 199
194 200
194 201
194 202
194 203
195 196
195 197
195 198
195 199
195 200
195 201
195 202
195 203
196 197
196 198
196 199
196 200
196 201
196 202
196 203
197 198
197 200
197 201
197 203
198 199
198 200
198 201
198 202
198 203
199 200
199 201
199 202
199 203
200 201
200 202
200 203
201 202
201 203
202 203
